1500 3
 -253     -3       -0.115  
 -253     22       -0.105  
 -253     47       -0.115  
 -253     72       -0.125  
 -228     -28      -0.105  
 -228     -3       -0.085  
 -228     22       -0.075  
 -228     47       -0.075  
 -228     72       -0.095  
 -228     97       -0.125  
 -203     -178     -0.125  
 -203     -153     -0.125  
 -203     -128     -0.125  
 -203     -78      -0.125  
 -203     -53      -0.115  
 -203     -28      -0.075  
 -203     -3       -0.055  
 -203     22       -0.045  
 -203     47       -0.055  
 -203     72       -0.065  
 -203     97       -0.095  
 -178     -203     -0.105  
 -178     -178     -0.095  
 -178     -153     -0.095  
 -178     -128     -0.095  
 -178     -103     -0.105  
 -178     -78      -0.095  
 -178     -53      -0.085  
 -178     -28      -0.055  
 -178     -3       -0.035  
 -178     22       -0.025  
 -178     47       -0.035  
 -178     72       -0.045  
 -178     97       -0.085  
 -178     122      -0.105  
 -178     147      -0.115  
 -153     -228     -0.105  
 -153     -203     -0.085  
 -153     -178     -0.065  
 -153     -153     -0.065  
 -153     -128     -0.065  
 -153     -103     -0.075  
 -153     -78      -0.075  
 -153     -53      -0.065  
 -153     -28      -0.045  
 -153     -3       -0.025  
 -153     22       -0.015  
 -153     47       -0.015  
 -153     72       -0.035  
 -153     97       -0.065  
 -153     122      -0.075  
 -153     147      -0.095  
 -153     172      -0.115  
 -128     -578     -0.125  
 -128     -553     -0.105  
 -128     -528     -0.105  
 -128     -503     -0.105  
 -128     -478     -0.115  
 -128     -253     -0.125  
 -128     -228     -0.085  
 -128     -203     -0.065  
 -128     -178     -0.045  
 -128     -153     -0.035  
 -128     -128     -0.045  
 -128     -103     -0.055  
 -128     -78      -0.055  
 -128     -53      -0.045  
 -128     -28      -0.035  
 -128     -3       -0.025  
 -128     22       -0.015  
 -128     47       -0.015  
 -128     72       -0.035  
 -128     97       -0.045  
 -128     122      -0.055  
 -128     147      -0.075  
 -128     172      -0.105  
 -128     197      -0.125  
 -103     -778     -0.125  
 -103     -753     -0.105  
 -103     -728     -0.105  
 -103     -703     -0.115  
 -103     -678     -0.125  
 -103     -653     -0.125  
 -103     -628     -0.115  
 -103     -603     -0.105  
 -103     -578     -0.085  
 -103     -553     -0.075  
 -103     -528     -0.075  
 -103     -503     -0.075  
 -103     -478     -0.085  
 -103     -453     -0.095  
 -103     -428     -0.105  
 -103     -403     -0.115  
 -103     -378     -0.115  
 -103     -353     -0.115  
 -103     -328     -0.115  
 -103     -303     -0.115  
 -103     -278     -0.105  
 -103     -253     -0.105  
 -103     -228     -0.075  
 -103     -203     -0.045  
 -103     -178     -0.025  
 -103     -153     -0.025  
 -103     -128     -0.025  
 -103     -103     -0.035  
 -103     -78      -0.035  
 -103     -53      -0.025  
 -103     -28      -0.025  
 -103     -3       -0.015  
 -103     22       -0.005  
 -103     47       -0.005  
 -103     72       -0.015  
 -103     97       -0.035  
 -103     122      -0.045  
 -103     147      -0.065  
 -103     172      -0.095  
 -103     197      -0.115  
 -78      -1.3e+03 -0.125  
 -78      -828     -0.105  
 -78      -803     -0.085  
 -78      -778     -0.075  
 -78      -753     -0.075  
 -78      -728     -0.065  
 -78      -703     -0.075  
 -78      -678     -0.075  
 -78      -653     -0.075  
 -78      -628     -0.075  
 -78      -603     -0.065  
 -78      -578     -0.055  
 -78      -553     -0.055  
 -78      -528     -0.045  
 -78      -503     -0.055  
 -78      -478     -0.055  
 -78      -453     -0.065  
 -78      -428     -0.065  
 -78      -403     -0.065  
 -78      -378     -0.065  
 -78      -353     -0.065  
 -78      -328     -0.065  
 -78      -303     -0.065  
 -78      -278     -0.065  
 -78      -253     -0.065  
 -78      -228     -0.065  
 -78      -203     -0.035  
 -78      -178     -0.015  
 -78      -153     -0.015  
 -78      -128     -0.015  
 -78      -103     -0.025  
 -78      -78      -0.015  
 -78      -53      -0.015  
 -78      -28      -0.015  
 -78      -3       -0.005  
 -78      22       -0.005  
 -78      47       -0.005  
 -78      72       -0.015  
 -78      97       -0.025  
 -78      122      -0.045  
 -78      147      -0.065  
 -78      172      -0.085  
 -78      197      -0.115  
 -53      -1.3e+03 -0.065  
 -53      -1.28e+03 -0.065  
 -53      -1.25e+03 -0.075  
 -53      -1.23e+03 -0.075  
 -53      -1.2e+03 -0.085  
 -53      -1.18e+03 -0.085  
 -53      -1.15e+03 -0.085  
 -53      -1.13e+03 -0.095  
 -53      -1.1e+03 -0.095  
 -53      -1.08e+03 -0.095  
 -53      -1.05e+03 -0.095  
 -53      -1.03e+03 -0.105  
 -53      -1e+03   -0.125  
 -53      -878     -0.105  
 -53      -853     -0.095  
 -53      -828     -0.065  
 -53      -803     -0.055  
 -53      -778     -0.045  
 -53      -753     -0.045  
 -53      -728     -0.045  
 -53      -703     -0.045  
 -53      -678     -0.045  
 -53      -653     -0.045  
 -53      -628     -0.045  
 -53      -603     -0.035  
 -53      -578     -0.035  
 -53      -553     -0.035  
 -53      -528     -0.035  
 -53      -503     -0.035  
 -53      -478     -0.035  
 -53      -453     -0.035  
 -53      -428     -0.035  
 -53      -403     -0.035  
 -53      -378     -0.035  
 -53      -353     -0.035  
 -53      -328     -0.035  
 -53      -303     -0.035  
 -53      -278     -0.035  
 -53      -253     -0.035  
 -53      -228     -0.035  
 -53      -203     -0.035  
 -53      -178     -0.015  
 -53      -153     -0.015  
 -53      -128     -0.015  
 -53      -103     -0.025  
 -53      -78      -0.015  
 -53      -53      -0.005  
 -53      -28      -0.005  
 -53      -3       -0.005  
 -53      22       -0.005  
 -53      47       -0.005  
 -53      72       -0.015  
 -53      97       -0.025  
 -53      122      -0.035  
 -53      147      -0.055  
 -53      172      -0.085  
 -53      197      -0.115  
 -28      -1.3e+03 -0.025  
 -28      -1.28e+03 -0.035  
 -28      -1.25e+03 -0.035  
 -28      -1.23e+03 -0.035  
 -28      -1.2e+03 -0.035  
 -28      -1.18e+03 -0.045  
 -28      -1.15e+03 -0.045  
 -28      -1.13e+03 -0.045  
 -28      -1.1e+03 -0.055  
 -28      -1.08e+03 -0.055  
 -28      -1.05e+03 -0.055  
 -28      -1.03e+03 -0.055  
 -28      -1e+03   -0.075  
 -28      -978     -0.095  
 -28      -928     -0.095  
 -28      -903     -0.075  
 -28      -878     -0.065  
 -28      -853     -0.045  
 -28      -828     -0.035  
 -28      -803     -0.025  
 -28      -778     -0.025  
 -28      -753     -0.025  
 -28      -728     -0.025  
 -28      -703     -0.025  
 -28      -678     -0.025  
 -28      -653     -0.025  
 -28      -628     -0.025  
 -28      -603     -0.025  
 -28      -578     -0.015  
 -28      -553     -0.015  
 -28      -528     -0.015  
 -28      -503     -0.015  
 -28      -478     -0.015  
 -28      -453     -0.015  
 -28      -428     -0.025  
 -28      -403     -0.025  
 -28      -378     -0.025  
 -28      -353     -0.025  
 -28      -328     -0.025  
 -28      -303     -0.025  
 -28      -278     -0.025  
 -28      -253     -0.025  
 -28      -228     -0.015  
 -28      -203     -0.015  
 -28      -178     -0.015  
 -28      -153     -0.005  
 -28      -128     -0.005  
 -28      -103     -0.025  
 -28      -78      -0.015  
 -28      -53      -0.005  
 -28      -28      -0.005  
 -28      -3       -0.005  
 -28      22       -0.005  
 -28      47       -0.005  
 -28      72       -0.005  
 -28      97       -0.005  
 -28      122      -0.025  
 -28      147      -0.045  
 -28      172      -0.075  
 -28      197      -0.105  
 -3       -1.3e+03 -0.015  
 -3       -1.28e+03 -0.015  
 -3       -1.25e+03 -0.015  
 -3       -1.23e+03 -0.015  
 -3       -1.2e+03 -0.015  
 -3       -1.18e+03 -0.015  
 -3       -1.15e+03 -0.015  
 -3       -1.13e+03 -0.025  
 -3       -1.1e+03 -0.025  
 -3       -1.08e+03 -0.025  
 -3       -1.05e+03 -0.025  
 -3       -1.03e+03 -0.025  
 -3       -1e+03   -0.035  
 -3       -978     -0.045  
 -3       -953     -0.075  
 -3       -928     -0.045  
 -3       -903     -0.035  
 -3       -878     -0.025  
 -3       -853     -0.025  
 -3       -828     -0.015  
 -3       -803     -0.015  
 -3       -778     -0.015  
 -3       -753     -0.015  
 -3       -728     -0.015  
 -3       -703     -0.015  
 -3       -678     -0.015  
 -3       -653     -0.015  
 -3       -628     -0.015  
 -3       -603     -0.005  
 -3       -578     -0.005  
 -3       -553     -0.005  
 -3       -528     -0.005  
 -3       -503     -0.005  
 -3       -478     -0.005  
 -3       -453     -0.005  
 -3       -428     -0.005  
 -3       -403     -0.005  
 -3       -378     -0.005  
 -3       -353     -0.005  
 -3       -328     -0.005  
 -3       -303     -0.005  
 -3       -278     -0.005  
 -3       -253     -0.005  
 -3       -228     -0.005  
 -3       -203     -0.005  
 -3       -178     -0.005  
 -3       -153     -0.005  
 -3       -128     -0.005  
 -3       -103     -0.005  
 -3       -78      -0.015  
 -3       -53      -0.005  
 -3       -28      -0.005  
 -3       -3       -0.005  
 -3       22       -0.005  
 -3       47       -0.015  
 -3       72       -0.015  
 -3       97       -0.015  
 -3       122      -0.025  
 -3       147      -0.045  
 -3       172      -0.075  
 -3       197      -0.105  
 22       -1.3e+03 -0.005  
 22       -1.28e+03 -0.005  
 22       -1.25e+03 -0.005  
 22       -1.23e+03 -0.005  
 22       -1.2e+03 -0.005  
 22       -1.18e+03 -0.005  
 22       -1.15e+03 -0.005  
 22       -1.13e+03 -0.005  
 22       -1.1e+03 -0.005  
 22       -1.08e+03 -0.015  
 22       -1.05e+03 -0.015  
 22       -1.03e+03 -0.015  
 22       -1e+03   -0.015  
 22       -978     -0.025  
 22       -953     -0.035  
 22       -928     -0.025  
 22       -903     -0.015  
 22       -878     -0.015  
 22       -853     -0.005  
 22       -828     -0.005  
 22       -803     -0.005  
 22       -778     -0.005  
 22       -753     -0.005  
 22       -728     -0.005  
 22       -703     -0.005  
 22       -678     -0.005  
 22       -653     -0.005  
 22       -628     -0.005  
 22       -603     -0.005  
 22       -578     -0.005  
 22       -553     -0.005  
 22       -528     -0.005  
 22       -503     -0.005  
 22       -478     -0.005  
 22       -453     -0.005  
 22       -428     -0.005  
 22       -403     -0.005  
 22       -378     -0.005  
 22       -353     -0.005  
 22       -328     -0.005  
 22       -303     -0.005  
 22       -278     -0.005  
 22       -253     -0.005  
 22       -228     -0.005  
 22       -203     -0.005  
 22       -178     -0.005  
 22       -153     -0.005  
 22       -128     -0.005  
 22       -103     -0.005  
 22       -78      -0.005  
 22       -53      -0.005  
 22       -28      -0.005  
 22       -3       -0.005  
 22       22       -0.015  
 22       47       -0.015  
 22       72       -0.025  
 22       97       -0.035  
 22       122      -0.045  
 22       147      -0.055  
 22       172      -0.085  
 22       197      -0.115  
 47       -1.3e+03 -0.015  
 47       -1.28e+03 -0.005  
 47       -1.25e+03 -0.005  
 47       -1.23e+03 -0.005  
 47       -1.2e+03 -0.005  
 47       -1.18e+03 -0.005  
 47       -1.15e+03 -0.005  
 47       -1.13e+03 -0.005  
 47       -1.1e+03 -0.005  
 47       -1.08e+03 -0.005  
 47       -1.05e+03 -0.005  
 47       -1.03e+03 -0.005  
 47       -1e+03   -0.005  
 47       -978     -0.005  
 47       -953     -0.005  
 47       -928     -0.005  
 47       -903     -0.005  
 47       -878     -0.005  
 47       -853     -0.005  
 47       -828     -0.005  
 47       -803     -0.005  
 47       -778     -0.005  
 47       -753     -0.005  
 47       -728     -0.005  
 47       -703     -0.005  
 47       -678     -0.005  
 47       -653     -0.005  
 47       -628     -0.005  
 47       -603     -0.005  
 47       -578     -0.005  
 47       -553     -0.005  
 47       -528     -0.005  
 47       -503     -0.005  
 47       -478     -0.005  
 47       -453     -0.005  
 47       -428     -0.005  
 47       -403     -0.005  
 47       -378     -0.005  
 47       -353     -0.005  
 47       -328     -0.005  
 47       -303     -0.005  
 47       -278     -0.005  
 47       -253     -0.005  
 47       -228     -0.005  
 47       -203     -0.005  
 47       -178     -0.005  
 47       -153     -0.005  
 47       -128     -0.005  
 47       -103     -0.005  
 47       -78      -0.005  
 47       -53      -0.005  
 47       -28      -0.005  
 47       -3       -0.005  
 47       22       -0.005  
 47       47       -0.005  
 47       72       -0.015  
 47       97       -0.035  
 47       122      -0.055  
 47       147      -0.085  
 47       172      -0.105  
 72       -1.3e+03 -0.025  
 72       -1.28e+03 -0.025  
 72       -1.25e+03 -0.025  
 72       -1.23e+03 -0.015  
 72       -1.2e+03 -0.015  
 72       -1.18e+03 -0.015  
 72       -1.15e+03 -0.015  
 72       -1.13e+03 -0.015  
 72       -1.1e+03 -0.015  
 72       -1.08e+03 -0.015  
 72       -1.05e+03 -0.005  
 72       -1.03e+03 -0.005  
 72       -1e+03   -0.005  
 72       -978     -0.005  
 72       -953     -0.005  
 72       -928     -0.005  
 72       -903     -0.005  
 72       -878     -0.005  
 72       -853     -0.005  
 72       -828     -0.015  
 72       -803     -0.015  
 72       -778     -0.025  
 72       -753     -0.025  
 72       -728     -0.015  
 72       -703     -0.005  
 72       -678     -0.015  
 72       -653     -0.015  
 72       -628     -0.015  
 72       -603     -0.015  
 72       -578     -0.015  
 72       -553     -0.005  
 72       -528     -0.005  
 72       -503     -0.005  
 72       -478     -0.015  
 72       -453     -0.015  
 72       -428     -0.015  
 72       -403     -0.015  
 72       -378     -0.015  
 72       -353     -0.015  
 72       -328     -0.015  
 72       -303     -0.015  
 72       -278     -0.015  
 72       -253     -0.005  
 72       -228     -0.005  
 72       -203     -0.015  
 72       -178     -0.015  
 72       -153     -0.005  
 72       -128     -0.005  
 72       -103     -0.005  
 72       -78      -0.005  
 72       -53      -0.005  
 72       -28      -0.005  
 72       -3       -0.015  
 72       22       -0.015  
 72       47       -0.015  
 72       72       -0.025  
 72       97       -0.035  
 72       122      -0.055  
 72       147      -0.085  
 72       172      -0.115  
 97       -1.3e+03 -0.065  
 97       -1.28e+03 -0.055  
 97       -1.25e+03 -0.055  
 97       -1.23e+03 -0.045  
 97       -1.2e+03 -0.045  
 97       -1.18e+03 -0.035  
 97       -1.15e+03 -0.035  
 97       -1.13e+03 -0.035  
 97       -1.1e+03 -0.025  
 97       -1.08e+03 -0.025  
 97       -1.05e+03 -0.025  
 97       -1.03e+03 -0.015  
 97       -1e+03   -0.015  
 97       -978     -0.015  
 97       -953     -0.005  
 97       -928     -0.015  
 97       -903     -0.015  
 97       -878     -0.015  
 97       -853     -0.025  
 97       -828     -0.025  
 97       -803     -0.035  
 97       -778     -0.045  
 97       -753     -0.045  
 97       -728     -0.025  
 97       -703     -0.005  
 97       -678     -0.015  
 97       -653     -0.045  
 97       -628     -0.035  
 97       -603     -0.035  
 97       -578     -0.025  
 97       -553     -0.005  
 97       -528     -0.005  
 97       -503     -0.005  
 97       -478     -0.015  
 97       -453     -0.035  
 97       -428     -0.035  
 97       -403     -0.035  
 97       -378     -0.035  
 97       -353     -0.035  
 97       -328     -0.035  
 97       -303     -0.025  
 97       -278     -0.005  
 97       -253     -0.005  
 97       -228     -0.015  
 97       -203     -0.025  
 97       -178     -0.015  
 97       -153     -0.005  
 97       -128     -0.005  
 97       -103     -0.005  
 97       -78      -0.005  
 97       -53      -0.005  
 97       -28      -0.005  
 97       -3       -0.015  
 97       22       -0.035  
 97       47       -0.025  
 97       72       -0.035  
 97       97       -0.045  
 97       122      -0.065  
 97       147      -0.095  
 97       172      -0.125  
 122      -1.3e+03 -0.125  
 122      -1.28e+03 -0.115  
 122      -1.25e+03 -0.105  
 122      -1.23e+03 -0.095  
 122      -1.2e+03 -0.085  
 122      -1.18e+03 -0.075  
 122      -1.15e+03 -0.075  
 122      -1.13e+03 -0.065  
 122      -1.1e+03 -0.065  
 122      -1.08e+03 -0.055  
 122      -1.05e+03 -0.055  
 122      -1.03e+03 -0.045  
 122      -1e+03   -0.035  
 122      -978     -0.025  
 122      -953     -0.015  
 122      -928     -0.025  
 122      -903     -0.035  
 122      -878     -0.035  
 122      -853     -0.045  
 122      -828     -0.055  
 122      -803     -0.075  
 122      -778     -0.095  
 122      -753     -0.055  
 122      -728     -0.015  
 122      -703     -0.005  
 122      -678     -0.015  
 122      -653     -0.045  
 122      -628     -0.065  
 122      -603     -0.035  
 122      -578     -0.025  
 122      -553     -0.005  
 122      -528     -0.005  
 122      -503     -0.005  
 122      -478     -0.015  
 122      -453     -0.035  
 122      -428     -0.065  
 122      -403     -0.065  
 122      -378     -0.065  
 122      -353     -0.065  
 122      -328     -0.055  
 122      -303     -0.025  
 122      -278     -0.005  
 122      -253     -0.005  
 122      -228     -0.015  
 122      -203     -0.035  
 122      -178     -0.015  
 122      -153     -0.005  
 122      -128     -0.005  
 122      -103     -0.015  
 122      -78      -0.005  
 122      -53      -0.005  
 122      -28      -0.005  
 122      -3       -0.015  
 122      22       -0.025  
 122      47       -0.055  
 122      72       -0.055  
 122      97       -0.065  
 122      122      -0.085  
 122      147      -0.105  
 147      -1.13e+03 -0.125  
 147      -1.1e+03 -0.115  
 147      -1.08e+03 -0.115  
 147      -1.05e+03 -0.105  
 147      -1.03e+03 -0.075  
 147      -1e+03   -0.055  
 147      -978     -0.045  
 147      -953     -0.035  
 147      -928     -0.045  
 147      -903     -0.055  
 147      -878     -0.075  
 147      -853     -0.095  
 147      -828     -0.105  
 147      -778     -0.095  
 147      -753     -0.055  
 147      -728     -0.025  
 147      -703     -0.025  
 147      -678     -0.025  
 147      -653     -0.045  
 147      -628     -0.075  
 147      -603     -0.035  
 147      -578     -0.025  
 147      -553     -0.005  
 147      -528     -0.005  
 147      -503     -0.005  
 147      -478     -0.015  
 147      -453     -0.035  
 147      -428     -0.065  
 147      -403     -0.105  
 147      -378     -0.105  
 147      -353     -0.085  
 147      -328     -0.045  
 147      -303     -0.015  
 147      -278     -0.005  
 147      -253     -0.015  
 147      -228     -0.025  
 147      -203     -0.035  
 147      -178     -0.015  
 147      -153     -0.005  
 147      -128     -0.005  
 147      -103     -0.015  
 147      -78      -0.005  
 147      -53      -0.005  
 147      -28      -0.015  
 147      -3       -0.025  
 147      22       -0.035  
 147      47       -0.055  
 147      72       -0.085  
 147      97       -0.095  
 147      122      -0.105  
 172      -1.03e+03 -0.125  
 172      -1e+03   -0.095  
 172      -978     -0.075  
 172      -953     -0.065  
 172      -928     -0.065  
 172      -903     -0.085  
 172      -878     -0.115  
 172      -778     -0.105  
 172      -753     -0.065  
 172      -728     -0.045  
 172      -703     -0.045  
 172      -678     -0.045  
 172      -653     -0.065  
 172      -628     -0.065  
 172      -603     -0.035  
 172      -578     -0.025  
 172      -553     -0.005  
 172      -528     -0.005  
 172      -503     -0.005  
 172      -478     -0.015  
 172      -453     -0.035  
 172      -428     -0.065  
 172      -403     -0.105  
 172      -378     -0.105  
 172      -353     -0.065  
 172      -328     -0.035  
 172      -303     -0.015  
 172      -278     -0.005  
 172      -253     -0.015  
 172      -228     -0.055  
 172      -203     -0.035  
 172      -178     -0.015  
 172      -153     -0.005  
 172      -128     -0.005  
 172      -103     -0.015  
 172      -78      -0.005  
 172      -53      -0.005  
 172      -28      -0.015  
 172      -3       -0.035  
 172      22       -0.045  
 172      47       -0.065  
 172      72       -0.095  
 172      97       -0.125  
 197      -978     -0.105  
 197      -953     -0.095  
 197      -928     -0.105  
 197      -903     -0.125  
 197      -778     -0.125  
 197      -753     -0.095  
 197      -728     -0.075  
 197      -703     -0.065  
 197      -678     -0.075  
 197      -653     -0.085  
 197      -628     -0.065  
 197      -603     -0.035  
 197      -578     -0.025  
 197      -553     -0.005  
 197      -528     -0.005  
 197      -503     -0.005  
 197      -478     -0.015  
 197      -453     -0.035  
 197      -428     -0.065  
 197      -403     -0.105  
 197      -378     -0.095  
 197      -353     -0.065  
 197      -328     -0.035  
 197      -303     -0.025  
 197      -278     -0.025  
 197      -253     -0.025  
 197      -228     -0.055  
 197      -203     -0.045  
 197      -178     -0.015  
 197      -153     -0.005  
 197      -128     -0.005  
 197      -103     -0.015  
 197      -78      -0.005  
 197      -53      -0.005  
 197      -28      -0.015  
 197      -3       -0.035  
 197      22       -0.065  
 197      47       -0.085  
 197      72       -0.115  
 222      -753     -0.125  
 222      -728     -0.105  
 222      -703     -0.105  
 222      -678     -0.105  
 222      -653     -0.115  
 222      -628     -0.065  
 222      -603     -0.035  
 222      -578     -0.025  
 222      -553     -0.005  
 222      -528     -0.005  
 222      -503     -0.005  
 222      -478     -0.015  
 222      -453     -0.035  
 222      -428     -0.065  
 222      -403     -0.105  
 222      -378     -0.105  
 222      -353     -0.075  
 222      -328     -0.055  
 222      -303     -0.045  
 222      -278     -0.035  
 222      -253     -0.045  
 222      -228     -0.075  
 222      -203     -0.045  
 222      -178     -0.015  
 222      -153     -0.005  
 222      -128     -0.005  
 222      -103     -0.015  
 222      -78      -0.005  
 222      -53      -0.005  
 222      -28      -0.015  
 222      -3       -0.045  
 222      22       -0.085  
 222      47       -0.115  
 247      -653     -0.115  
 247      -628     -0.065  
 247      -603     -0.035  
 247      -578     -0.025  
 247      -553     -0.005  
 247      -528     -0.005  
 247      -503     -0.005  
 247      -478     -0.015  
 247      -453     -0.035  
 247      -428     -0.065  
 247      -403     -0.105  
 247      -378     -0.125  
 247      -353     -0.095  
 247      -328     -0.075  
 247      -303     -0.065  
 247      -278     -0.065  
 247      -253     -0.075  
 247      -228     -0.085  
 247      -203     -0.045  
 247      -178     -0.025  
 247      -153     -0.005  
 247      -128     -0.005  
 247      -103     -0.015  
 247      -78      -0.005  
 247      -53      -0.005  
 247      -28      -0.015  
 247      -3       -0.045  
 247      22       -0.095  
 272      -653     -0.115  
 272      -628     -0.065  
 272      -603     -0.035  
 272      -578     -0.025  
 272      -553     -0.005  
 272      -528     -0.005  
 272      -503     -0.005  
 272      -478     -0.015  
 272      -453     -0.035  
 272      -428     -0.065  
 272      -403     -0.105  
 272      -353     -0.125  
 272      -328     -0.105  
 272      -303     -0.095  
 272      -278     -0.095  
 272      -253     -0.105  
 272      -228     -0.095  
 272      -203     -0.045  
 272      -178     -0.025  
 272      -153     -0.005  
 272      -128     -0.005  
 272      -103     -0.015  
 272      -78      -0.005  
 272      -53      -0.005  
 272      -28      -0.025  
 272      -3       -0.055  
 272      22       -0.105  
 297      -653     -0.115  
 297      -628     -0.065  
 297      -603     -0.035  
 297      -578     -0.025  
 297      -553     -0.005  
 297      -528     -0.005  
 297      -503     -0.005  
 297      -478     -0.015  
 297      -453     -0.035  
 297      -428     -0.065  
 297      -403     -0.105  
 297      -228     -0.095  
 297      -203     -0.055  
 297      -178     -0.025  
 297      -153     -0.005  
 297      -128     -0.005  
 297      -103     -0.015  
 297      -78      -0.005  
 297      -53      -0.005  
 297      -28      -0.025  
 297      -3       -0.055  
 297      22       -0.115  
 322      -653     -0.115  
 322      -628     -0.065  
 322      -603     -0.035  
 322      -578     -0.025  
 322      -553     -0.005  
 322      -528     -0.005  
 322      -503     -0.005  
 322      -478     -0.015  
 322      -453     -0.035  
 322      -428     -0.065  
 322      -403     -0.105  
 322      -228     -0.105  
 322      -203     -0.055  
 322      -178     -0.025  
 322      -153     -0.015  
 322      -128     -0.005  
 322      -103     -0.015  
 322      -78      -0.005  
 322      -53      -0.005  
 322      -28      -0.025  
 322      -3       -0.065  
 322      22       -0.125  
 347      -653     -0.115  
 347      -628     -0.065  
 347      -603     -0.035  
 347      -578     -0.025  
 347      -553     -0.005  
 347      -528     -0.005  
 347      -503     -0.005  
 347      -478     -0.015  
 347      -453     -0.035  
 347      -428     -0.065  
 347      -403     -0.105  
 347      -228     -0.105  
 347      -203     -0.055  
 347      -178     -0.025  
 347      -153     -0.015  
 347      -128     -0.005  
 347      -103     -0.005  
 347      -78      -0.005  
 347      -53      -0.005  
 347      -28      -0.025  
 347      -3       -0.065  
 372      -653     -0.115  
 372      -628     -0.065  
 372      -603     -0.035  
 372      -578     -0.025  
 372      -553     -0.005  
 372      -528     -0.005  
 372      -503     -0.005  
 372      -478     -0.015  
 372      -453     -0.035  
 372      -428     -0.065  
 372      -403     -0.105  
 372      -228     -0.115  
 372      -203     -0.055  
 372      -178     -0.025  
 372      -153     -0.015  
 372      -128     -0.005  
 372      -103     -0.005  
 372      -78      -0.005  
 372      -53      -0.015  
 372      -28      -0.045  
 372      -3       -0.095  
 397      -653     -0.115  
 397      -628     -0.065  
 397      -603     -0.035  
 397      -578     -0.025  
 397      -553     -0.005  
 397      -528     -0.005  
 397      -503     -0.005  
 397      -478     -0.015  
 397      -453     -0.035  
 397      -428     -0.065  
 397      -403     -0.105  
 397      -228     -0.115  
 397      -203     -0.065  
 397      -178     -0.025  
 397      -153     -0.015  
 397      -128     -0.005  
 397      -103     -0.005  
 397      -78      -0.005  
 397      -53      -0.015  
 397      -28      -0.045  
 397      -3       -0.105  
 422      -653     -0.115  
 422      -628     -0.065  
 422      -603     -0.035  
 422      -578     -0.025  
 422      -553     -0.005  
 422      -528     -0.005  
 422      -503     -0.005  
 422      -478     -0.015  
 422      -453     -0.035  
 422      -428     -0.065  
 422      -403     -0.105  
 422      -228     -0.125  
 422      -203     -0.065  
 422      -178     -0.035  
 422      -153     -0.015  
 422      -128     -0.005  
 422      -103     -0.005  
 422      -78      -0.015  
 422      -53      -0.025  
 422      -28      -0.045  
 422      -3       -0.085  
 447      -653     -0.115  
 447      -628     -0.065  
 447      -603     -0.035  
 447      -578     -0.025  
 447      -553     -0.005  
 447      -528     -0.005  
 447      -503     -0.005  
 447      -478     -0.015  
 447      -453     -0.035  
 447      -428     -0.065  
 447      -403     -0.105  
 447      -228     -0.125  
 447      -203     -0.065  
 447      -178     -0.035  
 447      -153     -0.015  
 447      -128     -0.005  
 447      -103     -0.005  
 447      -78      -0.015  
 447      -53      -0.045  
 447      -28      -0.065  
 447      -3       -0.095  
 472      -653     -0.115  
 472      -628     -0.065  
 472      -603     -0.035  
 472      -578     -0.025  
 472      -553     -0.005  
 472      -528     -0.005  
 472      -503     -0.005  
 472      -478     -0.015  
 472      -453     -0.035  
 472      -428     -0.065  
 472      -403     -0.105  
 472      -203     -0.075  
 472      -178     -0.035  
 472      -153     -0.015  
 472      -128     -0.005  
 472      -103     -0.005  
 472      -78      -0.015  
 472      -53      -0.035  
 472      -28      -0.075  
 472      -3       -0.115  
 497      -653     -0.115  
 497      -628     -0.065  
 497      -603     -0.035  
 497      -578     -0.025  
 497      -553     -0.005  
 497      -528     -0.005  
 497      -503     -0.005  
 497      -478     -0.015  
 497      -453     -0.035  
 497      -428     -0.065  
 497      -403     -0.105  
 497      -203     -0.075  
 497      -178     -0.035  
 497      -153     -0.015  
 497      -128     -0.005  
 497      -103     -0.005  
 497      -78      -0.015  
 497      -53      -0.035  
 497      -28      -0.075  
 -78      -1.33e+03 -0.125  
 -78      -1.35e+03 -0.115  
 -78      -1.38e+03 -0.115  
 -78      -1.4e+03 -0.105  
 -78      -1.43e+03 -0.105  
 -78      -1.45e+03 -0.105  
 -78      -1.48e+03 -0.115  
 -78      -1.5e+03 -0.125  
 -78      -1.53e+03 -0.085  
 -78      -1.55e+03 -0.085  
 -78      -1.58e+03 -0.095  
 -78      -1.6e+03 -0.125  
 -53      -1.33e+03 -0.065  
 -53      -1.35e+03 -0.055  
 -53      -1.38e+03 -0.055  
 -53      -1.4e+03 -0.055  
 -53      -1.43e+03 -0.045  
 -53      -1.45e+03 -0.045  
 -53      -1.48e+03 -0.055  
 -53      -1.5e+03 -0.055  
 -53      -1.53e+03 -0.045  
 -53      -1.55e+03 -0.055  
 -53      -1.58e+03 -0.065  
 -53      -1.6e+03 -0.095  
 -53      -1.63e+03 -0.125  
 -28      -1.33e+03 -0.025  
 -28      -1.35e+03 -0.025  
 -28      -1.38e+03 -0.025  
 -28      -1.4e+03 -0.025  
 -28      -1.43e+03 -0.015  
 -28      -1.45e+03 -0.015  
 -28      -1.48e+03 -0.015  
 -28      -1.5e+03 -0.015  
 -28      -1.53e+03 -0.015  
 -28      -1.55e+03 -0.035  
 -28      -1.58e+03 -0.055  
 -28      -1.6e+03 -0.075  
 -28      -1.63e+03 -0.115  
 -3       -1.33e+03 -0.005  
 -3       -1.35e+03 -0.005  
 -3       -1.38e+03 -0.005  
 -3       -1.4e+03 -0.005  
 -3       -1.43e+03 -0.005  
 -3       -1.45e+03 -0.005  
 -3       -1.48e+03 -0.005  
 -3       -1.5e+03 -0.015  
 -3       -1.53e+03 -0.015  
 -3       -1.55e+03 -0.025  
 -3       -1.58e+03 -0.045  
 -3       -1.6e+03 -0.075  
 -3       -1.63e+03 -0.105  
 22       -1.33e+03 -0.005  
 22       -1.35e+03 -0.005  
 22       -1.38e+03 -0.005  
 22       -1.4e+03 -0.005  
 22       -1.43e+03 -0.005  
 22       -1.45e+03 -0.005  
 22       -1.48e+03 -0.005  
 22       -1.5e+03 -0.015  
 22       -1.53e+03 -0.015  
 22       -1.55e+03 -0.035  
 22       -1.58e+03 -0.055  
 22       -1.6e+03 -0.075  
 22       -1.63e+03 -0.115  
 47       -1.33e+03 -0.015  
 47       -1.35e+03 -0.015  
 47       -1.38e+03 -0.015  
 47       -1.4e+03 -0.015  
 47       -1.43e+03 -0.025  
 47       -1.45e+03 -0.025  
 47       -1.48e+03 -0.025  
 47       -1.5e+03 -0.055  
 47       -1.53e+03 -0.045  
 47       -1.55e+03 -0.055  
 47       -1.58e+03 -0.065  
 47       -1.6e+03 -0.095  
 72       -1.33e+03 -0.035  
 72       -1.35e+03 -0.035  
 72       -1.38e+03 -0.045  
 72       -1.4e+03 -0.045  
 72       -1.43e+03 -0.055  
 72       -1.45e+03 -0.055  
 72       -1.48e+03 -0.075  
 72       -1.5e+03 -0.105  
 72       -1.53e+03 -0.105  
 72       -1.55e+03 -0.095  
 72       -1.58e+03 -0.105  
 72       -1.6e+03 -0.125  
 97       -1.33e+03 -0.075  
 97       -1.35e+03 -0.075  
 97       -1.38e+03 -0.085  
 97       -1.4e+03 -0.095  
 97       -1.43e+03 -0.115  
 97       -1.45e+03 -0.125  
 528      -653     -0.115  
 528      -628     -0.065  
 528      -603     -0.035  
 528      -578     -0.025  
 528      -553     -0.005  
 528      -528     -0.005  
 528      -503     -0.005  
 528      -478     -0.015  
 528      -453     -0.035  
 528      -428     -0.065  
 528      -403     -0.105  
 528      -203     -0.085  
 528      -178     -0.045  
 528      -153     -0.015  
 528      -128     -0.005  
 528      -103     -0.005  
 528      -78      -0.015  
 528      -53      -0.035  
 528      -28      -0.065  
 528      -3       -0.125  
 553      -653     -0.115  
 553      -628     -0.065  
 553      -603     -0.035  
 553      -578     -0.025  
 553      -553     -0.005  
 553      -528     -0.005  
 553      -503     -0.005  
 553      -478     -0.015  
 553      -453     -0.035  
 553      -428     -0.065  
 553      -403     -0.105  
 553      -203     -0.085  
 553      -178     -0.045  
 553      -153     -0.015  
 553      -128     -0.005  
 553      -103     -0.005  
 553      -78      -0.015  
 553      -53      -0.035  
 553      -28      -0.065  
 553      -3       -0.125  
 578      -653     -0.115  
 578      -628     -0.065  
 578      -603     -0.035  
 578      -578     -0.025  
 578      -553     -0.005  
 578      -528     -0.005  
 578      -503     -0.005  
 578      -478     -0.015  
 578      -453     -0.035  
 578      -428     -0.065  
 578      -403     -0.105  
 578      -203     -0.085  
 578      -178     -0.045  
 578      -153     -0.015  
 578      -128     -0.005  
 578      -103     -0.005  
 578      -78      -0.015  
 578      -53      -0.035  
 578      -28      -0.065  
 578      -3       -0.115  
 603      -653     -0.115  
 603      -628     -0.065  
 603      -603     -0.035  
 603      -578     -0.025  
 603      -553     -0.005  
 603      -528     -0.005  
 603      -503     -0.005  
 603      -478     -0.015  
 603      -453     -0.035  
 603      -428     -0.065  
 603      -403     -0.105  
 603      -203     -0.095  
 603      -178     -0.045  
 603      -153     -0.025  
 603      -128     -0.005  
 603      -103     -0.005  
 603      -78      -0.015  
 603      -53      -0.025  
 603      -28      -0.055  
 603      -3       -0.115  
 628      -653     -0.115  
 628      -628     -0.065  
 628      -603     -0.035  
 628      -578     -0.025  
 628      -553     -0.005  
 628      -528     -0.005  
 628      -503     -0.005  
 628      -478     -0.015  
 628      -453     -0.035  
 628      -428     -0.065  
 628      -403     -0.105  
 628      -203     -0.095  
 628      -178     -0.045  
 628      -153     -0.025  
 628      -128     -0.005  
 628      -103     -0.005  
 628      -78      -0.015  
 628      -53      -0.025  
 628      -28      -0.055  
 628      -3       -0.105  
 653      -653     -0.115  
 653      -628     -0.065  
 653      -603     -0.035  
 653      -578     -0.025  
 653      -553     -0.005  
 653      -528     -0.005  
 653      -503     -0.005  
 653      -478     -0.015  
 653      -453     -0.035  
 653      -428     -0.065  
 653      -403     -0.105  
 653      -203     -0.105  
 653      -178     -0.055  
 653      -153     -0.025  
 653      -128     -0.005  
 653      -103     -0.005  
 653      -78      -0.015  
 653      -53      -0.025  
 653      -28      -0.055  
 653      -3       -0.105  
 678      -653     -0.115  
 678      -628     -0.065  
 678      -603     -0.035  
 678      -578     -0.025  
 678      -553     -0.005  
 678      -528     -0.005  
 678      -503     -0.005  
 678      -478     -0.015  
 678      -453     -0.035  
 678      -428     -0.065  
 678      -403     -0.105  
 678      -203     -0.105  
 678      -178     -0.055  
 678      -153     -0.025  
 678      -128     -0.015  
 678      -103     -0.005  
 678      -78      -0.005  
 678      -53      -0.025  
 678      -28      -0.045  
 678      -3       -0.095  
 703      -653     -0.115  
 703      -628     -0.065  
 703      -603     -0.035  
 703      -578     -0.025  
 703      -553     -0.005  
 703      -528     -0.005  
 703      -503     -0.005  
 703      -478     -0.015  
 703      -453     -0.035  
 703      -428     -0.065  
 703      -403     -0.105  
 703      -203     -0.115  
 703      -178     -0.065  
 703      -153     -0.025  
 703      -128     -0.015  
 703      -103     -0.005  
 703      -78      -0.005  
 703      -53      -0.015  
 703      -28      -0.025  
 703      -3       -0.055  
 703      22       -0.095  
 703      47       -0.105  
 728      -653     -0.115  
 728      -628     -0.065  
 728      -603     -0.035  
 728      -578     -0.025  
 728      -553     -0.005  
 728      -528     -0.005  
 728      -503     -0.005  
 728      -478     -0.015  
 728      -453     -0.035  
 728      -428     -0.065  
 728      -403     -0.105  
 728      -203     -0.105  
 728      -178     -0.055  
 728      -153     -0.025  
 728      -128     -0.015  
 728      -103     -0.005  
 728      -78      -0.005  
 728      -53      -0.005  
 728      -28      -0.005  
 728      -3       -0.025  
 728      22       -0.035  
 728      47       -0.065  
 728      72       -0.095  
 753      -653     -0.115  
 753      -628     -0.065  
 753      -603     -0.035  
 753      -578     -0.025  
 753      -553     -0.005  
 753      -528     -0.005  
 753      -503     -0.005  
 753      -478     -0.015  
 753      -453     -0.035  
 753      -428     -0.065  
 753      -403     -0.105  
 753      -203     -0.105  
 753      -178     -0.055  
 753      -153     -0.025  
 753      -128     -0.005  
 753      -103     -0.005  
 753      -78      -0.015  
 753      -53      -0.005  
 753      -28      -0.005  
 753      -3       -0.005  
 753      22       -0.025  
 753      47       -0.045  
 753      72       -0.075  
 753      97       -0.115  
 778      -653     -0.115  
 778      -628     -0.065  
 778      -603     -0.035  
 778      -578     -0.025  
 778      -553     -0.005  
 778      -528     -0.005  
 778      -503     -0.005  
 778      -478     -0.015  
 778      -453     -0.035  
 778      -428     -0.065  
 778      -403     -0.105  
 778      -203     -0.095  
 778      -178     -0.045  
 778      -153     -0.025  
 778      -128     -0.005  
 778      -103     -0.005  
 778      -78      -0.015  
 778      -53      -0.035  
 778      -28      -0.015  
 778      -3       -0.015  
 778      22       -0.025  
 778      47       -0.045  
 778      72       -0.075  
 778      97       -0.115  
 803      -653     -0.115  
 803      -628     -0.065  
 803      -603     -0.035  
 803      -578     -0.025  
 803      -553     -0.005  
 803      -528     -0.005  
 803      -503     -0.005  
 803      -478     -0.015  
 803      -453     -0.035  
 803      -428     -0.065  
 803      -403     -0.105  
 803      -203     -0.095  
 803      -178     -0.045  
 803      -153     -0.015  
 803      -128     -0.005  
 803      -103     -0.005  
 803      -78      -0.015  
 803      -53      -0.035  
 803      -28      -0.035  
 803      -3       -0.035  
 803      22       -0.045  
 803      47       -0.055  
 803      72       -0.085  
 803      97       -0.125  
 828      -653     -0.115  
 828      -628     -0.065  
 828      -603     -0.035  
 828      -578     -0.025  
 828      -553     -0.005  
 828      -528     -0.005  
 828      -503     -0.005  
 828      -478     -0.015  
 828      -453     -0.035  
 828      -428     -0.065  
 828      -403     -0.105  
 828      -203     -0.095  
 828      -178     -0.045  
 828      -153     -0.015  
 828      -128     -0.005  
 828      -103     -0.005  
 828      -78      -0.015  
 828      -53      -0.045  
 828      -28      -0.075  
 828      -3       -0.065  
 828      22       -0.065  
 828      47       -0.085  
 828      72       -0.105  
 853      -653     -0.115  
 853      -628     -0.065  
 853      -603     -0.035  
 853      -578     -0.025  
 853      -553     -0.005  
 853      -528     -0.005  
 853      -503     -0.005  
 853      -478     -0.015  
 853      -453     -0.035  
 853      -428     -0.065  
 853      -403     -0.095  
 853      -203     -0.085  
 853      -178     -0.045  
 853      -153     -0.015  
 853      -128     -0.005  
 853      -103     -0.005  
 853      -78      -0.025  
 853      -53      -0.055  
 853      -28      -0.105  
 853      -3       -0.105  
 853      22       -0.105  
 853      47       -0.115  
 878      -728     -0.115  
 878      -703     -0.095  
 878      -678     -0.095  
 878      -653     -0.115  
 878      -628     -0.075  
 878      -603     -0.035  
 878      -578     -0.025  
 878      -553     -0.005  
 878      -528     -0.005  
 878      -503     -0.005  
 878      -478     -0.015  
 878      -453     -0.035  
 878      -428     -0.055  
 878      -403     -0.095  
 878      -203     -0.085  
 878      -178     -0.035  
 878      -153     -0.015  
 878      -128     -0.005  
 878      -103     -0.005  
 878      -78      -0.025  
 878      -53      -0.055  
 878      -28      -0.115  
 903      -753     -0.105  
 903      -728     -0.085  
 903      -703     -0.065  
 903      -678     -0.055  
 903      -653     -0.065  
 903      -628     -0.075  
 903      -603     -0.045  
 903      -578     -0.025  
 903      -553     -0.005  
 903      -528     -0.005  
 903      -503     -0.005  
 903      -478     -0.015  
 903      -453     -0.035  
 903      -428     -0.055  
 903      -403     -0.095  
 903      -203     -0.085  
 903      -178     -0.035  
 903      -153     -0.015  
 903      -128     -0.005  
 903      -103     -0.005  
 903      -78      -0.025  
 903      -53      -0.065  
 928      -778     -0.125  
 928      -753     -0.085  
 928      -728     -0.065  
 928      -703     -0.045  
 928      -678     -0.025  
 928      -653     -0.035  
 928      -628     -0.065  
 928      -603     -0.035  
 928      -578     -0.025  
 928      -553     -0.015  
 928      -528     -0.005  
 928      -503     -0.005  
 928      -478     -0.015  
 928      -453     -0.035  
 928      -428     -0.055  
 928      -403     -0.095  
 928      -203     -0.085  
 928      -178     -0.025  
 928      -153     -0.005  
 928      -128     -0.005  
 928      -103     -0.005  
 928      -78      -0.015  
 928      -53      -0.055  
 953      -778     -0.115  
 953      -753     -0.085  
 953      -728     -0.055  
 953      -703     -0.025  
 953      -678     -0.015  
 953      -653     -0.015  
 953      -628     -0.015  
 953      -603     -0.025  
 953      -578     -0.015  
 953      -553     -0.005  
 953      -528     -0.005  
 953      -503     -0.005  
 953      -478     -0.015  
 953      -453     -0.035  
 953      -428     -0.055  
 953      -403     -0.095  
 953      -228     -0.075  
 953      -203     -0.035  
 953      -178     -0.015  
 953      -153     -0.005  
 953      -128     -0.005  
 953      -103     -0.005  
 953      -78      -0.015  
 953      -53      -0.055  
 978      -778     -0.125  
 978      -753     -0.085  
 978      -728     -0.055  
 978      -703     -0.025  
 978      -678     -0.015  
 978      -653     -0.005  
 978      -628     -0.005  
 978      -603     -0.005  
 978      -578     -0.005  
 978      -553     -0.005  
 978      -528     -0.005  
 978      -503     -0.005  
 978      -478     -0.015  
 978      -453     -0.035  
 978      -428     -0.065  
 978      -403     -0.095  
 978      -253     -0.105  
 978      -228     -0.065  
 978      -203     -0.035  
 978      -178     -0.015  
 978      -153     -0.015  
 978      -128     -0.015  
 978      -103     -0.005  
 978      -78      -0.015  
 978      -53      -0.035  
 978      -28      -0.075  
 1e+03    -753     -0.095  
 1e+03    -728     -0.065  
 1e+03    -703     -0.045  
 1e+03    -678     -0.025  
 1e+03    -653     -0.015  
 1e+03    -628     -0.005  
 1e+03    -603     -0.005  
 1e+03    -578     -0.005  
 1e+03    -553     -0.015  
 1e+03    -528     -0.005  
 1e+03    -503     -0.005  
 1e+03    -478     -0.015  
 1e+03    -453     -0.035  
 1e+03    -428     -0.065  
 1e+03    -403     -0.105  
 1e+03    -253     -0.115  
 1e+03    -228     -0.075  
 1e+03    -203     -0.045  
 1e+03    -178     -0.035  
 1e+03    -153     -0.025  
 1e+03    -128     -0.025  
 1e+03    -103     -0.015  
 1e+03    -78      -0.015  
 1e+03    -53      -0.035  
 1e+03    -28      -0.065  
 1e+03    -3       -0.105  
 1.03e+03 -728     -0.105  
 1.03e+03 -703     -0.085  
 1.03e+03 -678     -0.045  
 1.03e+03 -653     -0.015  
 1.03e+03 -628     -0.005  
 1.03e+03 -603     -0.005  
 1.03e+03 -578     -0.015  
 1.03e+03 -553     -0.015  
 1.03e+03 -528     -0.005  
 1.03e+03 -503     -0.005  
 1.03e+03 -478     -0.015  
 1.03e+03 -453     -0.035  
 1.03e+03 -428     -0.065  
 1.03e+03 -403     -0.115  
 1.03e+03 -253     -0.125  
 1.03e+03 -228     -0.085  
 1.03e+03 -203     -0.065  
 1.03e+03 -178     -0.055  
 1.03e+03 -153     -0.055  
 1.03e+03 -128     -0.035  
 1.03e+03 -103     -0.025  
 1.03e+03 -78      -0.025  
 1.03e+03 -53      -0.045  
 1.03e+03 -28      -0.065  
 1.03e+03 -3       -0.105  
 1.05e+03 -703     -0.065  
 1.05e+03 -678     -0.025  
 1.05e+03 -653     -0.015  
 1.05e+03 -628     -0.005  
 1.05e+03 -603     -0.005  
 1.05e+03 -578     -0.025  
 1.05e+03 -553     -0.015  
 1.05e+03 -528     -0.005  
 1.05e+03 -503     -0.005  
 1.05e+03 -478     -0.015  
 1.05e+03 -453     -0.035  
 1.05e+03 -428     -0.065  
 1.05e+03 -403     -0.115  
 1.05e+03 -228     -0.115  
 1.05e+03 -203     -0.095  
 1.05e+03 -178     -0.085  
 1.05e+03 -153     -0.085  
 1.05e+03 -128     -0.065  
 1.05e+03 -103     -0.045  
 1.05e+03 -78      -0.055  
 1.05e+03 -53      -0.065  
 1.05e+03 -28      -0.085  
 1.05e+03 -3       -0.125  
 1.08e+03 -728     -0.095  
 1.08e+03 -703     -0.045  
 1.08e+03 -678     -0.015  
 1.08e+03 -653     -0.005  
 1.08e+03 -628     -0.005  
 1.08e+03 -603     -0.015  
 1.08e+03 -578     -0.025  
 1.08e+03 -553     -0.005  
 1.08e+03 -528     -0.005  
 1.08e+03 -503     -0.005  
 1.08e+03 -478     -0.015  
 1.08e+03 -453     -0.035  
 1.08e+03 -428     -0.065  
 1.08e+03 -403     -0.115  
 1.08e+03 -203     -0.125  
 1.08e+03 -178     -0.115  
 1.08e+03 -153     -0.125  
 1.08e+03 -128     -0.095  
 1.08e+03 -103     -0.075  
 1.08e+03 -78      -0.075  
 1.08e+03 -53      -0.085  
 1.08e+03 -28      -0.115  
 1.1e+03  -728     -0.065  
 1.1e+03  -703     -0.025  
 1.1e+03  -678     -0.015  
 1.1e+03  -653     -0.005  
 1.1e+03  -628     -0.005  
 1.1e+03  -603     -0.025  
 1.1e+03  -578     -0.015  
 1.1e+03  -553     -0.005  
 1.1e+03  -528     -0.005  
 1.1e+03  -503     -0.005  
 1.1e+03  -478     -0.025  
 1.1e+03  -453     -0.045  
 1.1e+03  -428     -0.085  
 1.1e+03  -403     -0.125  
 1.1e+03  -103     -0.115  
 1.1e+03  -78      -0.115  
 1.1e+03  -53      -0.125  
 1.13e+03 -753     -0.105  
 1.13e+03 -728     -0.045  
 1.13e+03 -703     -0.015  
 1.13e+03 -678     -0.005  
 1.13e+03 -653     -0.005  
 1.13e+03 -628     -0.015  
 1.13e+03 -603     -0.035  
 1.13e+03 -578     -0.015  
 1.13e+03 -553     -0.005  
 1.13e+03 -528     -0.005  
 1.13e+03 -503     -0.005  
 1.13e+03 -478     -0.025  
 1.13e+03 -453     -0.045  
 1.13e+03 -428     -0.095  
 1.15e+03 -753     -0.085  
 1.15e+03 -728     -0.035  
 1.15e+03 -703     -0.015  
 1.15e+03 -678     -0.005  
 1.15e+03 -653     -0.005  
 1.15e+03 -628     -0.025  
 1.15e+03 -603     -0.035  
 1.15e+03 -578     -0.015  
 1.15e+03 -553     -0.005  
 1.15e+03 -528     -0.005  
 1.15e+03 -503     -0.005  
 1.15e+03 -478     -0.025  
 1.15e+03 -453     -0.045  
 1.15e+03 -428     -0.095  
 1.18e+03 -753     -0.085  
 1.18e+03 -728     -0.025  
 1.18e+03 -703     -0.005  
 1.18e+03 -678     -0.005  
 1.18e+03 -653     -0.015  
 1.18e+03 -628     -0.045  
 1.18e+03 -603     -0.035  
 1.18e+03 -578     -0.015  
 1.18e+03 -553     -0.005  
 1.18e+03 -528     -0.005  
 1.18e+03 -503     -0.005  
 1.18e+03 -478     -0.025  
 1.18e+03 -453     -0.045  
 1.18e+03 -428     -0.095  
 1.2e+03  -778     -0.075  
 1.2e+03  -753     -0.035  
 1.2e+03  -728     -0.015  
 1.2e+03  -703     -0.005  
 1.2e+03  -678     -0.015  
 1.2e+03  -653     -0.035  
 1.2e+03  -628     -0.065  
 1.2e+03  -603     -0.025  
 1.2e+03  -578     -0.005  
 1.2e+03  -553     -0.005  
 1.2e+03  -528     -0.005  
 1.2e+03  -503     -0.005  
 1.2e+03  -478     -0.025  
 1.2e+03  -453     -0.045  
 1.2e+03  -428     -0.095  
 1.23e+03 -803     -0.105  
 1.23e+03 -778     -0.065  
 1.23e+03 -753     -0.035  
 1.23e+03 -728     -0.015  
 1.23e+03 -703     -0.015  
 1.23e+03 -678     -0.025  
 1.23e+03 -653     -0.075  
 1.23e+03 -628     -0.055  
 1.23e+03 -603     -0.025  
 1.23e+03 -578     -0.005  
 1.23e+03 -553     -0.005  
 1.23e+03 -528     -0.005  
 1.23e+03 -503     -0.005  
 1.23e+03 -478     -0.025  
 1.23e+03 -453     -0.045  
 1.23e+03 -428     -0.095  
 1.25e+03 -803     -0.105  
 1.25e+03 -778     -0.075  
 1.25e+03 -753     -0.045  
 1.25e+03 -728     -0.035  
 1.25e+03 -703     -0.025  
 1.25e+03 -678     -0.035  
 1.25e+03 -653     -0.075  
 1.25e+03 -628     -0.045  
 1.25e+03 -603     -0.015  
 1.25e+03 -578     -0.005  
 1.25e+03 -553     -0.005  
 1.25e+03 -528     -0.005  
 1.25e+03 -503     -0.005  
 1.25e+03 -478     -0.025  
 1.25e+03 -453     -0.045  
 1.25e+03 -428     -0.095  
 1.28e+03 -803     -0.125  
 1.28e+03 -778     -0.085  
 1.28e+03 -753     -0.065  
 1.28e+03 -728     -0.055  
 1.28e+03 -703     -0.055  
 1.28e+03 -678     -0.065  
 1.28e+03 -653     -0.095  
 1.28e+03 -628     -0.055  
 1.28e+03 -603     -0.015  
 1.28e+03 -578     -0.005  
 1.28e+03 -553     -0.005  
 1.28e+03 -528     -0.005  
 1.28e+03 -503     -0.005  
 1.28e+03 -478     -0.025  
 1.28e+03 -453     -0.045  
 1.28e+03 -428     -0.095  
 1.3e+03  -778     -0.115  
 1.3e+03  -753     -0.095  
 1.3e+03  -728     -0.085  
 1.3e+03  -703     -0.085  
 1.3e+03  -678     -0.095  
 1.3e+03  -653     -0.105  
 1.3e+03  -628     -0.045  
 1.3e+03  -603     -0.015  
 1.3e+03  -578     -0.015  
 1.3e+03  -553     -0.015  
 1.3e+03  -528     -0.005  
 1.3e+03  -503     -0.005  
 1.3e+03  -478     -0.025  
 1.3e+03  -453     -0.045  
 1.3e+03  -428     -0.095  
 1.33e+03 -753     -0.125  
 1.33e+03 -728     -0.115  
 1.33e+03 -703     -0.125  
 1.33e+03 -653     -0.075  
 1.33e+03 -628     -0.035  
 1.33e+03 -603     -0.015  
 1.33e+03 -578     -0.015  
 1.33e+03 -553     -0.015  
 1.33e+03 -528     -0.005  
 1.33e+03 -503     -0.005  
 1.33e+03 -478     -0.025  
 1.33e+03 -453     -0.045  
 1.33e+03 -428     -0.095  
 1.35e+03 -678     -0.125  
 1.35e+03 -653     -0.075  
 1.35e+03 -628     -0.045  
 1.35e+03 -603     -0.035  
 1.35e+03 -578     -0.025  
 1.35e+03 -553     -0.015  
 1.35e+03 -528     -0.005  
 1.35e+03 -503     -0.005  
 1.35e+03 -478     -0.025  
 1.35e+03 -453     -0.045  
 1.35e+03 -428     -0.095  
 1.38e+03 -653     -0.095  
 1.38e+03 -628     -0.065  
 1.38e+03 -603     -0.045  
 1.38e+03 -578     -0.025  
 1.38e+03 -553     -0.015  
 1.38e+03 -528     -0.005  
 1.38e+03 -503     -0.005  
 1.38e+03 -478     -0.025  
 1.38e+03 -453     -0.045  
 1.38e+03 -428     -0.095  
 1.4e+03  -653     -0.115  
 1.4e+03  -628     -0.095  
 1.4e+03  -603     -0.055  
 1.4e+03  -578     -0.025  
 1.4e+03  -553     -0.015  
 1.4e+03  -528     -0.005  
 1.4e+03  -503     -0.005  
 1.4e+03  -478     -0.025  
 1.4e+03  -453     -0.045  
 1.4e+03  -428     -0.095  
 1.4e+03  -403     -0.115  
 1.4e+03  -378     -0.095  
 1.4e+03  -353     -0.095  
 1.4e+03  -328     -0.105  
 1.4e+03  -303     -0.125  
 1.43e+03 -628     -0.105  
 1.43e+03 -603     -0.055  
 1.43e+03 -578     -0.025  
 1.43e+03 -553     -0.015  
 1.43e+03 -528     -0.005  
 1.43e+03 -503     -0.005  
 1.43e+03 -478     -0.025  
 1.43e+03 -453     -0.045  
 1.43e+03 -428     -0.095  
 1.43e+03 -403     -0.085  
 1.43e+03 -378     -0.065  
 1.43e+03 -353     -0.065  
 1.43e+03 -328     -0.065  
 1.43e+03 -303     -0.085  
 1.43e+03 -278     -0.125  
 1.45e+03 -628     -0.105  
 1.45e+03 -603     -0.055  
 1.45e+03 -578     -0.025  
 1.45e+03 -553     -0.015  
 1.45e+03 -528     -0.005  
 1.45e+03 -503     -0.005  
 1.45e+03 -478     -0.025  
 1.45e+03 -453     -0.045  
 1.45e+03 -428     -0.085  
 1.45e+03 -403     -0.055  
 1.45e+03 -378     -0.045  
 1.45e+03 -353     -0.035  
 1.45e+03 -328     -0.045  
 1.45e+03 -303     -0.065  
 1.45e+03 -278     -0.105  
 1.48e+03 -628     -0.105  
 1.48e+03 -603     -0.055  
 1.48e+03 -578     -0.025  
 1.48e+03 -553     -0.015  
 1.48e+03 -528     -0.005  
 1.48e+03 -503     -0.005  
 1.48e+03 -478     -0.025  
 1.48e+03 -453     -0.045  
 1.48e+03 -428     -0.075  
 1.48e+03 -403     -0.045  
 1.48e+03 -378     -0.025  
 1.48e+03 -353     -0.025  
 1.48e+03 -328     -0.025  
 1.48e+03 -303     -0.045  
 1.48e+03 -278     -0.095  
 1.5e+03  -628     -0.105  
 1.5e+03  -603     -0.055  
 1.5e+03  -578     -0.025  
 1.5e+03  -553     -0.015  
 1.5e+03  -528     -0.005  
 1.5e+03  -503     -0.005  
 1.5e+03  -478     -0.025  
 1.5e+03  -453     -0.045  
 1.5e+03  -428     -0.065  
 1.5e+03  -403     -0.035  
 1.5e+03  -378     -0.015  
 1.5e+03  -353     -0.005  
 1.5e+03  -328     -0.015  
 1.5e+03  -303     -0.025  
 1.5e+03  -278     -0.065  
 1.5e+03  -253     -0.075  
 1.5e+03  -228     -0.085  
 1.5e+03  -203     -0.115  
 1.53e+03 -628     -0.105  
 1.53e+03 -603     -0.055  
 1.53e+03 -578     -0.025  
 1.53e+03 -553     -0.015  
 1.53e+03 -528     -0.005  
 1.53e+03 -503     -0.005  
 1.53e+03 -478     -0.025  
 1.53e+03 -453     -0.035  
 1.53e+03 -428     -0.035  
 1.53e+03 -403     -0.015  
 1.53e+03 -378     -0.005  
 1.53e+03 -353     -0.005  
 1.53e+03 -328     -0.005  
 1.53e+03 -303     -0.005  
 1.53e+03 -278     -0.025  
 1.53e+03 -253     -0.035  
 1.53e+03 -228     -0.055  
 1.53e+03 -203     -0.085  
 1.53e+03 -178     -0.125  
 1.55e+03 -628     -0.095  
 1.55e+03 -603     -0.055  
 1.55e+03 -578     -0.025  
 1.55e+03 -553     -0.015  
 1.55e+03 -528     -0.005  
 1.55e+03 -503     -0.005  
 1.55e+03 -478     -0.015  
 1.55e+03 -453     -0.015  
 1.55e+03 -428     -0.015  
 1.55e+03 -403     -0.005  
 1.55e+03 -378     -0.005  
 1.55e+03 -353     -0.005  
 1.55e+03 -328     -0.005  
 1.55e+03 -303     -0.005  
 1.55e+03 -278     -0.005  
 1.55e+03 -253     -0.025  
 1.55e+03 -228     -0.045  
 1.55e+03 -203     -0.075  
 1.55e+03 -178     -0.115  
 1.58e+03 -653     -0.115  
 1.58e+03 -628     -0.065  
 1.58e+03 -603     -0.035  
 1.58e+03 -578     -0.015  
 1.58e+03 -553     -0.005  
 1.58e+03 -528     -0.005  
 1.58e+03 -503     -0.005  
 1.58e+03 -478     -0.005  
 1.58e+03 -453     -0.005  
 1.58e+03 -428     -0.005  
 1.58e+03 -403     -0.005  
 1.58e+03 -378     -0.005  
 1.58e+03 -353     -0.015  
 1.58e+03 -328     -0.025  
 1.58e+03 -303     -0.015  
 1.58e+03 -278     -0.015  
 1.58e+03 -253     -0.025  
 1.58e+03 -228     -0.045  
 1.58e+03 -203     -0.075  
 1.58e+03 -178     -0.115  
 1.6e+03  -678     -0.115  
 1.6e+03  -653     -0.075  
 1.6e+03  -628     -0.045  
 1.6e+03  -603     -0.025  
 1.6e+03  -578     -0.015  
 1.6e+03  -553     -0.005  
 1.6e+03  -528     -0.005  
 1.6e+03  -503     -0.005  
 1.6e+03  -478     -0.015  
 1.6e+03  -453     -0.015  
 1.6e+03  -428     -0.015  
 1.6e+03  -403     -0.015  
 1.6e+03  -378     -0.005  
 1.6e+03  -353     -0.005  
 1.6e+03  -328     -0.015  
 1.6e+03  -303     -0.025  
 1.6e+03  -278     -0.035  
 1.6e+03  -253     -0.045  
 1.6e+03  -228     -0.065  
 1.6e+03  -203     -0.085  
 1.6e+03  -178     -0.125  
 1.63e+03 -728     -0.125  
 1.63e+03 -703     -0.095  
 1.63e+03 -678     -0.065  
 1.63e+03 -653     -0.045  
 1.63e+03 -628     -0.025  
 1.63e+03 -603     -0.015  
 1.63e+03 -578     -0.005  
 1.63e+03 -553     -0.005  
 1.63e+03 -528     -0.005  
 1.63e+03 -503     -0.005  
 1.63e+03 -478     -0.025  
 1.63e+03 -453     -0.035  
 1.63e+03 -428     -0.025  
 1.63e+03 -403     -0.015  
 1.63e+03 -378     -0.005  
 1.63e+03 -353     -0.005  
 1.63e+03 -328     -0.005  
 1.63e+03 -303     -0.015  
 1.63e+03 -278     -0.035  
 1.63e+03 -253     -0.055  
 1.63e+03 -228     -0.075  
 1.63e+03 -203     -0.105  
 1.65e+03 -728     -0.105  
 1.65e+03 -703     -0.075  
 1.65e+03 -678     -0.045  
 1.65e+03 -653     -0.025  
 1.65e+03 -628     -0.015  
 1.65e+03 -603     -0.005  
 1.65e+03 -578     -0.005  
 1.65e+03 -553     -0.015  
 1.65e+03 -528     -0.005  
 1.65e+03 -503     -0.005  
 1.65e+03 -478     -0.025  
 1.65e+03 -453     -0.025  
 1.65e+03 -428     -0.015  
 1.65e+03 -403     -0.005  
 1.65e+03 -378     -0.005  
 1.65e+03 -353     -0.015  
 1.65e+03 -328     -0.015  
 1.65e+03 -303     -0.025  
 1.65e+03 -278     -0.035  
 1.65e+03 -253     -0.055  
 1.65e+03 -228     -0.085  
 1.65e+03 -203     -0.115  
 1.68e+03 -753     -0.125  
 1.68e+03 -728     -0.095  
 1.68e+03 -703     -0.065  
 1.68e+03 -678     -0.035  
 1.68e+03 -653     -0.025  
 1.68e+03 -628     -0.015  
 1.68e+03 -603     -0.005  
 1.68e+03 -578     -0.005  
 1.68e+03 -553     -0.015  
 1.68e+03 -528     -0.005  
 1.68e+03 -503     -0.005  
 1.68e+03 -478     -0.025  
 1.68e+03 -453     -0.035  
 1.68e+03 -428     -0.015  
 1.68e+03 -403     -0.015  
 1.68e+03 -378     -0.025  
 1.68e+03 -353     -0.035  
 1.68e+03 -328     -0.035  
 1.68e+03 -303     -0.035  
 1.68e+03 -278     -0.045  
 1.68e+03 -253     -0.065  
 1.68e+03 -228     -0.095  
 1.68e+03 -203     -0.125  
 1.7e+03  -753     -0.125  
 1.7e+03  -728     -0.095  
 1.7e+03  -703     -0.065  
 1.7e+03  -678     -0.045  
 1.7e+03  -653     -0.025  
 1.7e+03  -628     -0.015  
 1.7e+03  -603     -0.005  
 1.7e+03  -578     -0.015  
 1.7e+03  -553     -0.015  
 1.7e+03  -528     -0.005  
 1.7e+03  -503     -0.005  
 1.7e+03  -478     -0.025  
 1.7e+03  -453     -0.045  
 1.7e+03  -428     -0.035  
 1.7e+03  -403     -0.035  
 1.7e+03  -378     -0.085  
 1.7e+03  -353     -0.085  
 1.7e+03  -328     -0.065  
 1.7e+03  -303     -0.065  
 1.7e+03  -278     -0.075  
 1.7e+03  -253     -0.085  
 1.7e+03  -228     -0.115  
 1.73e+03 -728     -0.105  
 1.73e+03 -703     -0.075  
 1.73e+03 -678     -0.055  
 1.73e+03 -653     -0.035  
 1.73e+03 -628     -0.015  
 1.73e+03 -603     -0.005  
 1.73e+03 -578     -0.015  
 1.73e+03 -553     -0.015  
 1.73e+03 -528     -0.005  
 1.73e+03 -503     -0.005  
 1.73e+03 -478     -0.015  
 1.73e+03 -453     -0.045  
 1.73e+03 -428     -0.065  
 1.73e+03 -403     -0.075  
 1.73e+03 -328     -0.115  
 1.73e+03 -303     -0.105  
 1.73e+03 -278     -0.105  
 1.73e+03 -253     -0.115  
 1.75e+03 -728     -0.125  
 1.75e+03 -703     -0.095  
 1.75e+03 -678     -0.075  
 1.75e+03 -653     -0.035  
 1.75e+03 -628     -0.015  
 1.75e+03 -603     -0.005  
 1.75e+03 -578     -0.015  
 1.75e+03 -553     -0.025  
 1.75e+03 -528     -0.015  
 1.75e+03 -503     -0.005  
 1.75e+03 -478     -0.015  
 1.75e+03 -453     -0.025  
 1.75e+03 -428     -0.065  
 1.75e+03 -403     -0.075  
 1.75e+03 -378     -0.085  
 1.75e+03 -353     -0.125  
 1.75e+03 -328     -0.095  
 1.75e+03 -303     -0.085  
 1.75e+03 -278     -0.095  
 1.75e+03 -253     -0.115  
 1.78e+03 -703     -0.125  
 1.78e+03 -678     -0.085  
 1.78e+03 -653     -0.035  
 1.78e+03 -628     -0.015  
 1.78e+03 -603     -0.005  
 1.78e+03 -578     -0.015  
 1.78e+03 -553     -0.035  
 1.78e+03 -528     -0.015  
 1.78e+03 -503     -0.005  
 1.78e+03 -478     -0.005  
 1.78e+03 -453     -0.015  
 1.78e+03 -428     -0.035  
 1.78e+03 -403     -0.035  
 1.78e+03 -378     -0.035  
 1.78e+03 -353     -0.055  
 1.78e+03 -328     -0.045  
 1.78e+03 -303     -0.045  
 1.78e+03 -278     -0.065  
 1.78e+03 -253     -0.085  
 1.78e+03 -228     -0.125  
 1.8e+03  -703     -0.105  
 1.8e+03  -678     -0.065  
 1.8e+03  -653     -0.035  
 1.8e+03  -628     -0.015  
 1.8e+03  -603     -0.005  
 1.8e+03  -578     -0.015  
 1.8e+03  -553     -0.015  
 1.8e+03  -528     -0.015  
 1.8e+03  -503     -0.005  
 1.8e+03  -478     -0.005  
 1.8e+03  -453     -0.015  
 1.8e+03  -428     -0.015  
 1.8e+03  -403     -0.015  
 1.8e+03  -378     -0.015  
 1.8e+03  -353     -0.015  
 1.8e+03  -328     -0.015  
 1.8e+03  -303     -0.025  
 1.8e+03  -278     -0.045  
 1.8e+03  -253     -0.075  
 1.8e+03  -228     -0.105  
 1.83e+03 -728     -0.115  
 1.83e+03 -703     -0.075  
 1.83e+03 -678     -0.045  
 1.83e+03 -653     -0.025  
 1.83e+03 -628     -0.015  
 1.83e+03 -603     -0.005  
 1.83e+03 -578     -0.005  
 1.83e+03 -553     -0.005  
 1.83e+03 -528     -0.005  
 1.83e+03 -503     -0.005  
 1.83e+03 -478     -0.005  
 1.83e+03 -453     -0.005  
 1.83e+03 -428     -0.005  
 1.83e+03 -403     -0.005  
 1.83e+03 -378     -0.005  
 1.83e+03 -353     -0.005  
 1.83e+03 -328     -0.005  
 1.83e+03 -303     -0.025  
 1.83e+03 -278     -0.045  
 1.83e+03 -253     -0.065  
 1.83e+03 -228     -0.105  
 1.85e+03 -728     -0.105  
 1.85e+03 -703     -0.075  
 1.85e+03 -678     -0.045  
 1.85e+03 -653     -0.025  
 1.85e+03 -628     -0.015  
 1.85e+03 -603     -0.015  
 1.85e+03 -578     -0.015  
 1.85e+03 -553     -0.015  
 1.85e+03 -528     -0.015  
 1.85e+03 -503     -0.015  
 1.85e+03 -478     -0.005  
 1.85e+03 -453     -0.005  
 1.85e+03 -428     -0.015  
 1.85e+03 -403     -0.015  
 1.85e+03 -378     -0.015  
 1.85e+03 -353     -0.025  
 1.85e+03 -328     -0.015  
 1.85e+03 -303     -0.025  
 1.85e+03 -278     -0.045  
 1.85e+03 -253     -0.075  
 1.85e+03 -228     -0.105  
 1.88e+03 -728     -0.115  
 1.88e+03 -703     -0.075  
 1.88e+03 -678     -0.055  
 1.88e+03 -653     -0.035  
 1.88e+03 -628     -0.025  
 1.88e+03 -603     -0.025  
 1.88e+03 -578     -0.035  
 1.88e+03 -553     -0.035  
 1.88e+03 -528     -0.035  
 1.88e+03 -503     -0.035  
 1.88e+03 -478     -0.015  
 1.88e+03 -453     -0.005  
 1.88e+03 -428     -0.005  
 1.88e+03 -403     -0.025  
 1.88e+03 -378     -0.045  
 1.88e+03 -353     -0.065  
 1.88e+03 -328     -0.055  
 1.88e+03 -303     -0.055  
 1.88e+03 -278     -0.065  
 1.88e+03 -253     -0.095  
 1.88e+03 -228     -0.125  
 1.9e+03  -728     -0.125  
 1.9e+03  -703     -0.095  
 1.9e+03  -678     -0.075  
 1.9e+03  -653     -0.055  
 1.9e+03  -628     -0.045  
 1.9e+03  -603     -0.045  
 1.9e+03  -578     -0.065  
 1.9e+03  -553     -0.085  
 1.9e+03  -528     -0.095  
 1.9e+03  -503     -0.045  
 1.9e+03  -478     -0.015  
 1.9e+03  -453     -0.005  
 1.9e+03  -428     -0.005  
 1.9e+03  -403     -0.015  
 1.9e+03  -378     -0.045  
 1.9e+03  -353     -0.105  
 1.9e+03  -328     -0.115  
 1.9e+03  -303     -0.095  
 1.9e+03  -278     -0.105  
 1.9e+03  -253     -0.125  
 1.93e+03 -703     -0.115  
 1.93e+03 -678     -0.095  
 1.93e+03 -653     -0.075  
 1.93e+03 -628     -0.075  
 1.93e+03 -603     -0.075  
 1.93e+03 -578     -0.105  
 1.93e+03 -503     -0.065  
 1.93e+03 -478     -0.025  
 1.93e+03 -453     -0.015  
 1.93e+03 -428     -0.005  
 1.93e+03 -403     -0.015  
 1.93e+03 -378     -0.035  
 1.93e+03 -353     -0.075  
 1.95e+03 -678     -0.125  
 1.95e+03 -653     -0.115  
 1.95e+03 -628     -0.105  
 1.95e+03 -603     -0.115  
 1.95e+03 -503     -0.095  
 1.95e+03 -478     -0.045  
 1.95e+03 -453     -0.015  
 1.95e+03 -428     -0.005  
 1.95e+03 -403     -0.005  
 1.95e+03 -378     -0.025  
 1.95e+03 -353     -0.065  
 1.98e+03 -503     -0.125  
 1.98e+03 -478     -0.055  
 1.98e+03 -453     -0.025  
 1.98e+03 -428     -0.005  
 1.98e+03 -403     -0.005  
 1.98e+03 -378     -0.015  
 1.98e+03 -353     -0.065  
 2e+03    -478     -0.095  
 2e+03    -453     -0.045  
 2e+03    -428     -0.015  
 2e+03    -403     -0.005  
 2e+03    -378     -0.015  
 2e+03    -353     -0.035  
 2e+03    -328     -0.075  
 2e+03    -303     -0.125  
 2.03e+03 -453     -0.095  
 2.03e+03 -428     -0.025  
 2.03e+03 -403     -0.015  
 2.03e+03 -378     -0.015  
 2.03e+03 -353     -0.035  
 2.03e+03 -328     -0.055  
 2.03e+03 -303     -0.105  
 2.05e+03 -453     -0.085  
 2.05e+03 -428     -0.045  
 2.05e+03 -403     -0.025  
 2.05e+03 -378     -0.025  
 2.05e+03 -353     -0.045  
 2.05e+03 -328     -0.065  
 2.05e+03 -303     -0.105  
 2.08e+03 -453     -0.095  
 2.08e+03 -428     -0.065  
 2.08e+03 -403     -0.055  
 2.08e+03 -378     -0.055  
 2.08e+03 -353     -0.065  
 2.08e+03 -328     -0.085  
 2.08e+03 -303     -0.115  
 2.1e+03  -453     -0.125  
 2.1e+03  -428     -0.095  
 2.1e+03  -403     -0.085  
 2.1e+03  -378     -0.075  
 2.1e+03  -353     -0.085  
 2.1e+03  -328     -0.105  
 2.13e+03 -403     -0.115  
 2.13e+03 -378     -0.115  
 2.13e+03 -353     -0.125  
