3000 3
 -628     -453     -0.065  
 -628     -428     -0.025  
 -628     -403     -0.015  
 -628     -378     -0.015  
 -628     -353     -0.055  
 -628     -328     -0.115  
 -628     -228     -0.115  
 -628     -203     -0.115  
 -628     -178     -0.115  
 -603     -478     -0.095  
 -603     -453     -0.045  
 -603     -428     -0.015  
 -603     -403     -0.005  
 -603     -378     -0.015  
 -603     -353     -0.035  
 -603     -328     -0.075  
 -603     -253     -0.105  
 -603     -228     -0.085  
 -603     -203     -0.075  
 -603     -178     -0.085  
 -603     -153     -0.095  
 -603     -128     -0.125  
 -578     -478     -0.085  
 -578     -453     -0.035  
 -578     -428     -0.015  
 -578     -403     -0.005  
 -578     -378     -0.015  
 -578     -353     -0.025  
 -578     -328     -0.065  
 -578     -278     -0.115  
 -578     -253     -0.075  
 -578     -228     -0.055  
 -578     -203     -0.045  
 -578     -178     -0.055  
 -578     -153     -0.065  
 -578     -128     -0.105  
 -578     -103     -0.115  
 -553     -478     -0.075  
 -553     -453     -0.035  
 -553     -428     -0.015  
 -553     -403     -0.005  
 -553     -378     -0.005  
 -553     -353     -0.025  
 -553     -328     -0.065  
 -553     -278     -0.095  
 -553     -253     -0.055  
 -553     -228     -0.035  
 -553     -203     -0.025  
 -553     -178     -0.035  
 -553     -153     -0.045  
 -553     -128     -0.065  
 -553     -103     -0.075  
 -553     -78      -0.095  
 -553     -53      -0.115  
 -553     -28      -0.125  
 -553     -3       -0.125  
 -528     -478     -0.075  
 -528     -453     -0.035  
 -528     -428     -0.015  
 -528     -403     -0.005  
 -528     -378     -0.005  
 -528     -353     -0.025  
 -528     -328     -0.065  
 -528     -303     -0.125  
 -528     -278     -0.105  
 -528     -253     -0.045  
 -528     -228     -0.025  
 -528     -203     -0.015  
 -528     -178     -0.015  
 -528     -153     -0.035  
 -528     -128     -0.045  
 -528     -103     -0.045  
 -528     -78      -0.055  
 -528     -53      -0.065  
 -528     -28      -0.065  
 -528     -3       -0.065  
 -528     22       -0.075  
 -528     47       -0.075  
 -528     72       -0.075  
 -528     97       -0.085  
 -528     122      -0.115  
 -528     147      -0.105  
 -528     172      -0.085  
 -528     197      -0.095  
 -528     222      -0.115  
 -528     247      -0.125  
 -528     272      -0.115  
 -528     297      -0.125  
 -503     -478     -0.075  
 -503     -453     -0.035  
 -503     -428     -0.015  
 -503     -403     -0.005  
 -503     -378     -0.005  
 -503     -353     -0.025  
 -503     -328     -0.065  
 -503     -303     -0.115  
 -503     -253     -0.075  
 -503     -228     -0.025  
 -503     -203     -0.015  
 -503     -178     -0.015  
 -503     -153     -0.025  
 -503     -128     -0.025  
 -503     -103     -0.025  
 -503     -78      -0.025  
 -503     -53      -0.025  
 -503     -28      -0.035  
 -503     -3       -0.035  
 -503     22       -0.035  
 -503     47       -0.035  
 -503     72       -0.035  
 -503     97       -0.035  
 -503     122      -0.055  
 -503     147      -0.045  
 -503     172      -0.045  
 -503     197      -0.065  
 -503     222      -0.085  
 -503     247      -0.085  
 -503     272      -0.085  
 -503     297      -0.085  
 -503     322      -0.105  
 -478     -478     -0.065  
 -478     -453     -0.035  
 -478     -428     -0.015  
 -478     -403     -0.005  
 -478     -378     -0.005  
 -478     -353     -0.025  
 -478     -328     -0.055  
 -478     -303     -0.115  
 -478     -278     -0.115  
 -478     -253     -0.045  
 -478     -228     -0.015  
 -478     -203     -0.005  
 -478     -178     -0.015  
 -478     -153     -0.015  
 -478     -128     -0.015  
 -478     -103     -0.015  
 -478     -78      -0.015  
 -478     -53      -0.015  
 -478     -28      -0.015  
 -478     -3       -0.015  
 -478     22       -0.015  
 -478     47       -0.015  
 -478     72       -0.015  
 -478     97       -0.015  
 -478     122      -0.025  
 -478     147      -0.015  
 -478     172      -0.025  
 -478     197      -0.045  
 -478     222      -0.065  
 -478     247      -0.055  
 -478     272      -0.055  
 -478     297      -0.065  
 -478     322      -0.085  
 -478     347      -0.115  
 -453     -503     -0.125  
 -453     -478     -0.065  
 -453     -453     -0.035  
 -453     -428     -0.015  
 -453     -403     -0.005  
 -453     -378     -0.005  
 -453     -353     -0.025  
 -453     -328     -0.055  
 -453     -303     -0.095  
 -453     -278     -0.095  
 -453     -253     -0.035  
 -453     -228     -0.015  
 -453     -203     -0.005  
 -453     -178     -0.015  
 -453     -153     -0.005  
 -453     -128     -0.005  
 -453     -103     -0.005  
 -453     -78      -0.005  
 -453     -53      -0.005  
 -453     -28      -0.005  
 -453     -3       -0.005  
 -453     22       -0.005  
 -453     47       -0.005  
 -453     72       -0.005  
 -453     97       -0.005  
 -453     122      -0.005  
 -453     147      -0.005  
 -453     172      -0.025  
 -453     197      -0.035  
 -453     222      -0.045  
 -453     247      -0.025  
 -453     272      -0.025  
 -453     297      -0.045  
 -453     322      -0.065  
 -453     347      -0.095  
 -428     -503     -0.105  
 -428     -478     -0.065  
 -428     -453     -0.025  
 -428     -428     -0.015  
 -428     -403     -0.005  
 -428     -378     -0.005  
 -428     -353     -0.025  
 -428     -328     -0.055  
 -428     -303     -0.055  
 -428     -278     -0.045  
 -428     -253     -0.035  
 -428     -228     -0.015  
 -428     -203     -0.005  
 -428     -178     -0.005  
 -428     -153     -0.005  
 -428     -128     -0.005  
 -428     -103     -0.005  
 -428     -78      -0.005  
 -428     -53      -0.005  
 -428     -28      -0.005  
 -428     -3       -0.005  
 -428     22       -0.005  
 -428     47       -0.005  
 -428     72       -0.005  
 -428     97       -0.015  
 -428     122      -0.015  
 -428     147      -0.015  
 -428     172      -0.025  
 -428     197      -0.035  
 -428     222      -0.025  
 -428     247      -0.015  
 -428     272      -0.015  
 -428     297      -0.025  
 -428     322      -0.055  
 -428     347      -0.095  
 -428     372      -0.095  
 -428     397      -0.115  
 -428     422      -0.125  
 -403     -528     -0.115  
 -403     -503     -0.085  
 -403     -478     -0.055  
 -403     -453     -0.025  
 -403     -428     -0.015  
 -403     -403     -0.005  
 -403     -378     -0.005  
 -403     -353     -0.025  
 -403     -328     -0.055  
 -403     -303     -0.035  
 -403     -278     -0.025  
 -403     -253     -0.025  
 -403     -228     -0.015  
 -403     -203     -0.005  
 -403     -178     -0.005  
 -403     -153     -0.005  
 -403     -128     -0.015  
 -403     -103     -0.035  
 -403     -78      -0.025  
 -403     -53      -0.025  
 -403     -28      -0.025  
 -403     -3       -0.025  
 -403     22       -0.025  
 -403     47       -0.025  
 -403     72       -0.025  
 -403     97       -0.035  
 -403     122      -0.035  
 -403     147      -0.025  
 -403     172      -0.015  
 -403     197      -0.015  
 -403     222      -0.015  
 -403     247      -0.005  
 -403     272      -0.015  
 -403     297      -0.035  
 -403     322      -0.055  
 -403     347      -0.055  
 -403     372      -0.065  
 -403     397      -0.075  
 -403     422      -0.085  
 -403     447      -0.105  
 -378     -528     -0.095  
 -378     -503     -0.065  
 -378     -478     -0.045  
 -378     -453     -0.025  
 -378     -428     -0.015  
 -378     -403     -0.005  
 -378     -378     -0.005  
 -378     -353     -0.025  
 -378     -328     -0.025  
 -378     -303     -0.025  
 -378     -278     -0.015  
 -378     -253     -0.015  
 -378     -228     -0.005  
 -378     -203     -0.005  
 -378     -178     -0.005  
 -378     -153     -0.015  
 -378     -128     -0.025  
 -378     -103     -0.025  
 -378     -78      -0.025  
 -378     -53      -0.025  
 -378     -28      -0.025  
 -378     -3       -0.025  
 -378     22       -0.025  
 -378     47       -0.025  
 -378     72       -0.025  
 -378     97       -0.025  
 -378     122      -0.015  
 -378     147      -0.005  
 -378     172      -0.005  
 -378     197      -0.005  
 -378     222      -0.005  
 -378     247      -0.005  
 -378     272      -0.015  
 -378     297      -0.025  
 -378     322      -0.025  
 -378     347      -0.035  
 -378     372      -0.035  
 -378     397      -0.045  
 -378     422      -0.055  
 -378     447      -0.085  
 -378     472      -0.105  
 -353     -528     -0.095  
 -353     -503     -0.065  
 -353     -478     -0.035  
 -353     -453     -0.025  
 -353     -428     -0.015  
 -353     -403     -0.005  
 -353     -378     -0.005  
 -353     -353     -0.015  
 -353     -328     -0.015  
 -353     -303     -0.015  
 -353     -278     -0.015  
 -353     -253     -0.015  
 -353     -228     -0.015  
 -353     -203     -0.005  
 -353     -178     -0.005  
 -353     -153     -0.015  
 -353     -128     -0.015  
 -353     -103     -0.015  
 -353     -78      -0.015  
 -353     -53      -0.015  
 -353     -28      -0.015  
 -353     -3       -0.015  
 -353     22       -0.015  
 -353     47       -0.015  
 -353     72       -0.015  
 -353     97       -0.005  
 -353     122      -0.005  
 -353     147      -0.005  
 -353     172      -0.005  
 -353     197      -0.005  
 -353     222      -0.005  
 -353     247      -0.005  
 -353     272      -0.015  
 -353     297      -0.015  
 -353     322      -0.015  
 -353     347      -0.015  
 -353     372      -0.015  
 -353     397      -0.025  
 -353     422      -0.045  
 -353     447      -0.065  
 -353     472      -0.095  
 -353     497      -0.125  
 -328     -528     -0.095  
 -328     -503     -0.065  
 -328     -478     -0.035  
 -328     -453     -0.025  
 -328     -428     -0.015  
 -328     -403     -0.005  
 -328     -378     -0.005  
 -328     -353     -0.005  
 -328     -328     -0.005  
 -328     -303     -0.005  
 -328     -278     -0.005  
 -328     -253     -0.005  
 -328     -228     -0.005  
 -328     -203     -0.005  
 -328     -178     -0.005  
 -328     -153     -0.005  
 -328     -128     -0.005  
 -328     -103     -0.005  
 -328     -78      -0.005  
 -328     -53      -0.005  
 -328     -28      -0.005  
 -328     -3       -0.005  
 -328     22       -0.005  
 -328     47       -0.005  
 -328     72       -0.005  
 -328     97       -0.005  
 -328     122      -0.005  
 -328     147      -0.005  
 -328     172      -0.005  
 -328     197      -0.005  
 -328     222      -0.005  
 -328     247      -0.005  
 -328     272      -0.005  
 -328     297      -0.005  
 -328     322      -0.005  
 -328     347      -0.005  
 -328     372      -0.005  
 -328     397      -0.025  
 -328     422      -0.035  
 -328     447      -0.065  
 -328     472      -0.095  
 -328     497      -0.125  
 -303     -528     -0.115  
 -303     -503     -0.075  
 -303     -478     -0.045  
 -303     -453     -0.025  
 -303     -428     -0.015  
 -303     -403     -0.005  
 -303     -378     -0.005  
 -303     -353     -0.005  
 -303     -328     -0.005  
 -303     -303     -0.005  
 -303     -278     -0.005  
 -303     -253     -0.005  
 -303     -228     -0.005  
 -303     -203     -0.005  
 -303     -178     -0.005  
 -303     -153     -0.005  
 -303     -128     -0.005  
 -303     -103     -0.005  
 -303     -78      -0.005  
 -303     -53      -0.005  
 -303     -28      -0.005  
 -303     -3       -0.005  
 -303     22       -0.005  
 -303     47       -0.005  
 -303     72       -0.005  
 -303     97       -0.005  
 -303     122      -0.005  
 -303     147      -0.005  
 -303     172      -0.005  
 -303     197      -0.005  
 -303     222      -0.005  
 -303     247      -0.005  
 -303     272      -0.005  
 -303     297      -0.005  
 -303     322      -0.005  
 -303     347      -0.015  
 -303     372      -0.015  
 -303     397      -0.025  
 -303     422      -0.045  
 -303     447      -0.065  
 -303     472      -0.095  
 -303     497      -0.125  
 -278     -528     -0.125  
 -278     -503     -0.075  
 -278     -478     -0.045  
 -278     -453     -0.025  
 -278     -428     -0.015  
 -278     -403     -0.005  
 -278     -378     -0.005  
 -278     -353     -0.015  
 -278     -328     -0.025  
 -278     -303     -0.015  
 -278     -278     -0.015  
 -278     -253     -0.015  
 -278     -228     -0.005  
 -278     -203     -0.005  
 -278     -178     -0.005  
 -278     -153     -0.025  
 -278     -128     -0.025  
 -278     -103     -0.025  
 -278     -78      -0.025  
 -278     -53      -0.015  
 -278     -28      -0.005  
 -278     -3       -0.005  
 -278     22       -0.015  
 -278     47       -0.025  
 -278     72       -0.025  
 -278     97       -0.025  
 -278     122      -0.025  
 -278     147      -0.025  
 -278     172      -0.005  
 -278     197      -0.005  
 -278     222      -0.015  
 -278     247      -0.025  
 -278     272      -0.025  
 -278     297      -0.015  
 -278     322      -0.005  
 -278     347      -0.015  
 -278     372      -0.035  
 -278     397      -0.045  
 -278     422      -0.055  
 -278     447      -0.075  
 -278     472      -0.105  
 -253     -678     -0.125  
 -253     -653     -0.105  
 -253     -628     -0.085  
 -253     -603     -0.095  
 -253     -578     -0.115  
 -253     -553     -0.085  
 -253     -528     -0.075  
 -253     -503     -0.075  
 -253     -478     -0.045  
 -253     -453     -0.025  
 -253     -428     -0.005  
 -253     -403     -0.005  
 -253     -378     -0.005  
 -253     -353     -0.015  
 -253     -328     -0.025  
 -253     -303     -0.005  
 -253     -278     -0.015  
 -253     -253     -0.005  
 -253     -228     -0.005  
 -253     -203     -0.005  
 -253     -178     -0.005  
 -253     -153     -0.025  
 -253     -128     -0.045  
 -253     -103     -0.045  
 -253     -78      -0.055  
 -253     -53      -0.025  
 -253     -28      -0.005  
 -253     -3       -0.005  
 -253     22       -0.015  
 -253     47       -0.045  
 -253     72       -0.045  
 -253     97       -0.045  
 -253     122      -0.045  
 -253     147      -0.015  
 -253     172      -0.005  
 -253     197      -0.005  
 -253     222      -0.015  
 -253     247      -0.035  
 -253     272      -0.035  
 -253     297      -0.015  
 -253     322      -0.005  
 -253     347      -0.015  
 -253     372      -0.035  
 -253     397      -0.075  
 -253     422      -0.085  
 -253     447      -0.105  
 -228     -703     -0.125  
 -228     -678     -0.095  
 -228     -653     -0.065  
 -228     -628     -0.055  
 -228     -603     -0.045  
 -228     -578     -0.055  
 -228     -553     -0.035  
 -228     -528     -0.035  
 -228     -503     -0.035  
 -228     -478     -0.035  
 -228     -453     -0.025  
 -228     -428     -0.005  
 -228     -403     -0.005  
 -228     -378     -0.005  
 -228     -353     -0.015  
 -228     -328     -0.015  
 -228     -303     -0.005  
 -228     -278     -0.005  
 -228     -253     -0.005  
 -228     -228     -0.015  
 -228     -203     -0.005  
 -228     -178     -0.005  
 -228     -153     -0.025  
 -228     -128     -0.015  
 -228     -103     -0.025  
 -228     -78      -0.045  
 -228     -53      -0.025  
 -228     -28      -0.005  
 -228     -3       -0.005  
 -228     22       -0.015  
 -228     47       -0.045  
 -228     72       -0.055  
 -228     97       -0.055  
 -228     122      -0.035  
 -228     147      -0.015  
 -228     172      -0.005  
 -228     197      -0.005  
 -228     222      -0.015  
 -228     247      -0.035  
 -228     272      -0.035  
 -228     297      -0.015  
 -228     322      -0.005  
 -228     347      -0.015  
 -228     372      -0.035  
 -228     397      -0.075  
 -203     -728     -0.115  
 -203     -703     -0.095  
 -203     -678     -0.075  
 -203     -653     -0.055  
 -203     -628     -0.035  
 -203     -603     -0.015  
 -203     -578     -0.025  
 -203     -553     -0.015  
 -203     -528     -0.015  
 -203     -503     -0.015  
 -203     -478     -0.015  
 -203     -453     -0.015  
 -203     -428     -0.015  
 -203     -403     -0.005  
 -203     -378     -0.005  
 -203     -353     -0.015  
 -203     -328     -0.005  
 -203     -303     -0.005  
 -203     -278     -0.005  
 -203     -253     -0.015  
 -203     -228     -0.005  
 -203     -203     -0.005  
 -203     -178     -0.005  
 -203     -153     -0.005  
 -203     -128     -0.005  
 -203     -103     -0.025  
 -203     -78      -0.045  
 -203     -53      -0.045  
 -203     -28      -0.015  
 -203     -3       -0.005  
 -203     22       -0.015  
 -203     47       -0.045  
 -203     72       -0.035  
 -203     97       -0.025  
 -203     122      -0.025  
 -203     147      -0.015  
 -203     172      -0.005  
 -203     197      -0.005  
 -203     222      -0.015  
 -203     247      -0.045  
 -203     272      -0.035  
 -203     297      -0.015  
 -203     322      -0.005  
 -203     347      -0.015  
 -203     372      -0.035  
 -203     397      -0.075  
 -178     -753     -0.115  
 -178     -728     -0.085  
 -178     -703     -0.065  
 -178     -678     -0.055  
 -178     -653     -0.045  
 -178     -628     -0.025  
 -178     -603     -0.015  
 -178     -578     -0.015  
 -178     -553     -0.005  
 -178     -528     -0.005  
 -178     -503     -0.005  
 -178     -478     -0.005  
 -178     -453     -0.005  
 -178     -428     -0.005  
 -178     -403     -0.005  
 -178     -378     -0.005  
 -178     -353     -0.015  
 -178     -328     -0.005  
 -178     -303     -0.005  
 -178     -278     -0.005  
 -178     -253     -0.025  
 -178     -228     -0.015  
 -178     -203     -0.005  
 -178     -178     -0.005  
 -178     -153     -0.015  
 -178     -128     -0.015  
 -178     -103     -0.025  
 -178     -78      -0.045  
 -178     -53      -0.075  
 -178     -28      -0.025  
 -178     -3       -0.005  
 -178     22       -0.015  
 -178     47       -0.035  
 -178     72       -0.015  
 -178     97       -0.015  
 -178     122      -0.025  
 -178     147      -0.015  
 -178     172      -0.005  
 -178     197      -0.005  
 -178     222      -0.025  
 -178     247      -0.055  
 -178     272      -0.035  
 -178     297      -0.015  
 -178     322      -0.005  
 -178     347      -0.015  
 -178     372      -0.035  
 -178     397      -0.075  
 -153     -753     -0.095  
 -153     -728     -0.065  
 -153     -703     -0.045  
 -153     -678     -0.035  
 -153     -653     -0.025  
 -153     -628     -0.025  
 -153     -603     -0.015  
 -153     -578     -0.015  
 -153     -553     -0.015  
 -153     -528     -0.005  
 -153     -503     -0.005  
 -153     -478     -0.005  
 -153     -453     -0.005  
 -153     -428     -0.005  
 -153     -403     -0.005  
 -153     -378     -0.005  
 -153     -353     -0.015  
 -153     -328     -0.005  
 -153     -303     -0.005  
 -153     -278     -0.015  
 -153     -253     -0.035  
 -153     -228     -0.015  
 -153     -203     -0.005  
 -153     -178     -0.005  
 -153     -153     -0.005  
 -153     -128     -0.015  
 -153     -103     -0.035  
 -153     -78      -0.055  
 -153     -53      -0.065  
 -153     -28      -0.035  
 -153     -3       -0.025  
 -153     22       -0.025  
 -153     47       -0.035  
 -153     72       -0.015  
 -153     97       -0.005  
 -153     122      -0.015  
 -153     147      -0.005  
 -153     172      -0.005  
 -153     197      -0.015  
 -153     222      -0.025  
 -153     247      -0.055  
 -153     272      -0.035  
 -153     297      -0.015  
 -153     322      -0.005  
 -153     347      -0.015  
 -153     372      -0.035  
 -153     397      -0.075  
 -128     -903     -0.095  
 -128     -878     -0.105  
 -128     -853     -0.115  
 -128     -828     -0.125  
 -128     -753     -0.095  
 -128     -728     -0.055  
 -128     -703     -0.035  
 -128     -678     -0.015  
 -128     -653     -0.015  
 -128     -628     -0.025  
 -128     -603     -0.035  
 -128     -578     -0.045  
 -128     -553     -0.035  
 -128     -528     -0.025  
 -128     -503     -0.015  
 -128     -478     -0.015  
 -128     -453     -0.015  
 -128     -428     -0.005  
 -128     -403     -0.005  
 -128     -378     -0.005  
 -128     -353     -0.005  
 -128     -328     -0.005  
 -128     -303     -0.015  
 -128     -278     -0.025  
 -128     -253     -0.045  
 -128     -228     -0.025  
 -128     -203     -0.015  
 -128     -178     -0.005  
 -128     -153     -0.005  
 -128     -128     -0.015  
 -128     -103     -0.025  
 -128     -78      -0.035  
 -128     -53      -0.065  
 -128     -28      -0.055  
 -128     -3       -0.045  
 -128     22       -0.045  
 -128     47       -0.055  
 -128     72       -0.035  
 -128     97       -0.005  
 -128     122      -0.005  
 -128     147      -0.005  
 -128     172      -0.005  
 -128     197      -0.015  
 -128     222      -0.035  
 -128     247      -0.065  
 -128     272      -0.035  
 -128     297      -0.015  
 -128     322      -0.005  
 -128     347      -0.015  
 -128     372      -0.035  
 -128     397      -0.075  
 -103     -903     -0.045  
 -103     -878     -0.055  
 -103     -853     -0.065  
 -103     -828     -0.075  
 -103     -803     -0.085  
 -103     -778     -0.095  
 -103     -753     -0.105  
 -103     -728     -0.065  
 -103     -703     -0.035  
 -103     -678     -0.015  
 -103     -653     -0.025  
 -103     -628     -0.005  
 -103     -603     -0.025  
 -103     -578     -0.035  
 -103     -553     -0.065  
 -103     -528     -0.035  
 -103     -503     -0.015  
 -103     -478     -0.015  
 -103     -453     -0.015  
 -103     -428     -0.005  
 -103     -403     -0.005  
 -103     -378     -0.005  
 -103     -353     -0.005  
 -103     -328     -0.005  
 -103     -303     -0.015  
 -103     -278     -0.045  
 -103     -253     -0.045  
 -103     -228     -0.035  
 -103     -203     -0.015  
 -103     -178     -0.005  
 -103     -153     -0.005  
 -103     -128     -0.005  
 -103     -103     -0.015  
 -103     -78      -0.025  
 -103     -53      -0.045  
 -103     -28      -0.065  
 -103     -3       -0.075  
 -103     22       -0.065  
 -103     47       -0.055  
 -103     72       -0.035  
 -103     97       -0.015  
 -103     122      -0.005  
 -103     147      -0.005  
 -103     172      -0.005  
 -103     197      -0.015  
 -103     222      -0.035  
 -103     247      -0.075  
 -103     272      -0.045  
 -103     297      -0.015  
 -103     322      -0.005  
 -103     347      -0.015  
 -103     372      -0.035  
 -103     397      -0.085  
 -78      -903     -0.025  
 -78      -878     -0.025  
 -78      -853     -0.035  
 -78      -828     -0.035  
 -78      -803     -0.045  
 -78      -778     -0.045  
 -78      -753     -0.065  
 -78      -728     -0.065  
 -78      -703     -0.055  
 -78      -678     -0.035  
 -78      -653     -0.005  
 -78      -628     -0.005  
 -78      -603     -0.005  
 -78      -578     -0.025  
 -78      -553     -0.035  
 -78      -528     -0.035  
 -78      -503     -0.015  
 -78      -478     -0.005  
 -78      -453     -0.005  
 -78      -428     -0.005  
 -78      -403     -0.005  
 -78      -378     -0.005  
 -78      -353     -0.005  
 -78      -328     -0.015  
 -78      -303     -0.025  
 -78      -278     -0.025  
 -78      -253     -0.025  
 -78      -228     -0.025  
 -78      -203     -0.025  
 -78      -178     -0.015  
 -78      -153     -0.005  
 -78      -128     -0.005  
 -78      -103     -0.015  
 -78      -78      -0.025  
 -78      -53      -0.035  
 -78      -28      -0.035  
 -78      -3       -0.045  
 -78      22       -0.035  
 -78      47       -0.035  
 -78      72       -0.045  
 -78      97       -0.025  
 -78      122      -0.005  
 -78      147      -0.005  
 -78      172      -0.005  
 -78      197      -0.015  
 -78      222      -0.045  
 -78      247      -0.075  
 -78      272      -0.065  
 -78      297      -0.025  
 -78      322      -0.005  
 -78      347      -0.015  
 -78      372      -0.055  
 -78      397      -0.125  
 -53      -903     -0.005  
 -53      -878     -0.015  
 -53      -853     -0.015  
 -53      -828     -0.015  
 -53      -803     -0.015  
 -53      -778     -0.025  
 -53      -753     -0.025  
 -53      -728     -0.025  
 -53      -703     -0.025  
 -53      -678     -0.025  
 -53      -653     -0.015  
 -53      -628     -0.005  
 -53      -603     -0.005  
 -53      -578     -0.015  
 -53      -553     -0.015  
 -53      -528     -0.015  
 -53      -503     -0.015  
 -53      -478     -0.005  
 -53      -453     -0.005  
 -53      -428     -0.005  
 -53      -403     -0.005  
 -53      -378     -0.005  
 -53      -353     -0.005  
 -53      -328     -0.015  
 -53      -303     -0.015  
 -53      -278     -0.015  
 -53      -253     -0.015  
 -53      -228     -0.015  
 -53      -203     -0.015  
 -53      -178     -0.015  
 -53      -153     -0.005  
 -53      -128     -0.005  
 -53      -103     -0.005  
 -53      -78      -0.015  
 -53      -53      -0.015  
 -53      -28      -0.025  
 -53      -3       -0.025  
 -53      22       -0.025  
 -53      47       -0.025  
 -53      72       -0.035  
 -53      97       -0.015  
 -53      122      -0.005  
 -53      147      -0.005  
 -53      172      -0.015  
 -53      197      -0.025  
 -53      222      -0.045  
 -53      247      -0.035  
 -53      272      -0.045  
 -53      297      -0.015  
 -53      322      -0.005  
 -53      347      -0.015  
 -53      372      -0.045  
 -53      397      -0.095  
 -28      -903     -0.005  
 -28      -878     -0.005  
 -28      -853     -0.005  
 -28      -828     -0.005  
 -28      -803     -0.005  
 -28      -778     -0.005  
 -28      -753     -0.015  
 -28      -728     -0.015  
 -28      -703     -0.015  
 -28      -678     -0.015  
 -28      -653     -0.015  
 -28      -628     -0.005  
 -28      -603     -0.005  
 -28      -578     -0.005  
 -28      -553     -0.005  
 -28      -528     -0.005  
 -28      -503     -0.005  
 -28      -478     -0.005  
 -28      -453     -0.005  
 -28      -428     -0.005  
 -28      -403     -0.005  
 -28      -378     -0.005  
 -28      -353     -0.005  
 -28      -328     -0.005  
 -28      -303     -0.005  
 -28      -278     -0.005  
 -28      -253     -0.005  
 -28      -228     -0.005  
 -28      -203     -0.005  
 -28      -178     -0.005  
 -28      -153     -0.005  
 -28      -128     -0.005  
 -28      -103     -0.005  
 -28      -78      -0.005  
 -28      -53      -0.005  
 -28      -28      -0.005  
 -28      -3       -0.015  
 -28      22       -0.015  
 -28      47       -0.015  
 -28      72       -0.015  
 -28      97       -0.005  
 -28      122      -0.005  
 -28      147      -0.005  
 -28      172      -0.015  
 -28      197      -0.025  
 -28      222      -0.015  
 -28      247      -0.015  
 -28      272      -0.025  
 -28      297      -0.025  
 -28      322      -0.025  
 -28      347      -0.025  
 -28      372      -0.045  
 -28      397      -0.085  
 -3       -903     -0.015  
 -3       -878     -0.005  
 -3       -853     -0.005  
 -3       -828     -0.005  
 -3       -803     -0.005  
 -3       -778     -0.005  
 -3       -753     -0.005  
 -3       -728     -0.005  
 -3       -703     -0.005  
 -3       -678     -0.005  
 -3       -653     -0.005  
 -3       -628     -0.005  
 -3       -603     -0.005  
 -3       -578     -0.005  
 -3       -553     -0.005  
 -3       -528     -0.005  
 -3       -503     -0.005  
 -3       -478     -0.005  
 -3       -453     -0.005  
 -3       -428     -0.005  
 -3       -403     -0.005  
 -3       -378     -0.005  
 -3       -353     -0.005  
 -3       -328     -0.005  
 -3       -303     -0.005  
 -3       -278     -0.005  
 -3       -253     -0.005  
 -3       -228     -0.005  
 -3       -203     -0.005  
 -3       -178     -0.005  
 -3       -153     -0.005  
 -3       -128     -0.005  
 -3       -103     -0.005  
 -3       -78      -0.005  
 -3       -53      -0.005  
 -3       -28      -0.005  
 -3       -3       -0.005  
 -3       22       -0.005  
 -3       47       -0.015  
 -3       72       -0.005  
 -3       97       -0.005  
 -3       122      -0.005  
 -3       147      -0.005  
 -3       172      -0.005  
 -3       197      -0.005  
 -3       222      -0.005  
 -3       247      -0.005  
 -3       272      -0.025  
 -3       297      -0.045  
 -3       322      -0.045  
 -3       347      -0.045  
 -3       372      -0.065  
 -3       397      -0.095  
 22       -903     -0.025  
 22       -878     -0.025  
 22       -853     -0.015  
 22       -828     -0.015  
 22       -803     -0.015  
 22       -778     -0.015  
 22       -753     -0.005  
 22       -728     -0.005  
 22       -703     -0.005  
 22       -678     -0.005  
 22       -653     -0.005  
 22       -628     -0.005  
 22       -603     -0.005  
 22       -578     -0.005  
 22       -553     -0.005  
 22       -528     -0.005  
 22       -503     -0.005  
 22       -478     -0.005  
 22       -453     -0.005  
 22       -428     -0.005  
 22       -403     -0.005  
 22       -378     -0.005  
 22       -353     -0.005  
 22       -328     -0.005  
 22       -303     -0.005  
 22       -278     -0.005  
 22       -253     -0.005  
 22       -228     -0.005  
 22       -203     -0.005  
 22       -178     -0.005  
 22       -153     -0.005  
 22       -128     -0.005  
 22       -103     -0.005  
 22       -78      -0.005  
 22       -53      -0.005  
 22       -28      -0.005  
 22       -3       -0.005  
 22       22       -0.005  
 22       47       -0.005  
 22       72       -0.005  
 22       97       -0.005  
 22       122      -0.005  
 22       147      -0.005  
 22       172      -0.005  
 22       197      -0.005  
 22       222      -0.015  
 22       247      -0.015  
 22       272      -0.035  
 22       297      -0.055  
 22       322      -0.065  
 22       347      -0.075  
 22       372      -0.085  
 22       397      -0.115  
 47       -903     -0.055  
 47       -878     -0.045  
 47       -853     -0.045  
 47       -828     -0.035  
 47       -803     -0.035  
 47       -778     -0.025  
 47       -753     -0.025  
 47       -728     -0.025  
 47       -703     -0.025  
 47       -678     -0.025  
 47       -653     -0.015  
 47       -628     -0.015  
 47       -603     -0.015  
 47       -578     -0.015  
 47       -553     -0.015  
 47       -528     -0.005  
 47       -503     -0.005  
 47       -478     -0.005  
 47       -453     -0.005  
 47       -428     -0.005  
 47       -403     -0.005  
 47       -378     -0.005  
 47       -353     -0.015  
 47       -328     -0.015  
 47       -303     -0.015  
 47       -278     -0.015  
 47       -253     -0.015  
 47       -228     -0.015  
 47       -203     -0.015  
 47       -178     -0.005  
 47       -153     -0.005  
 47       -128     -0.005  
 47       -103     -0.005  
 47       -78      -0.005  
 47       -53      -0.015  
 47       -28      -0.015  
 47       -3       -0.005  
 47       22       -0.005  
 47       47       -0.005  
 47       72       -0.005  
 47       97       -0.005  
 47       122      -0.005  
 47       147      -0.005  
 47       172      -0.015  
 47       197      -0.015  
 47       222      -0.025  
 47       247      -0.075  
 47       272      -0.065  
 47       297      -0.085  
 47       322      -0.105  
 47       347      -0.105  
 47       372      -0.125  
 72       -903     -0.105  
 72       -878     -0.095  
 72       -853     -0.085  
 72       -828     -0.075  
 72       -803     -0.065  
 72       -778     -0.045  
 72       -753     -0.045  
 72       -728     -0.045  
 72       -703     -0.045  
 72       -678     -0.045  
 72       -653     -0.035  
 72       -628     -0.035  
 72       -603     -0.035  
 72       -578     -0.035  
 72       -553     -0.025  
 72       -528     -0.015  
 72       -503     -0.015  
 72       -478     -0.005  
 72       -453     -0.005  
 72       -428     -0.005  
 72       -403     -0.005  
 72       -378     -0.005  
 72       -353     -0.005  
 72       -328     -0.025  
 72       -303     -0.025  
 72       -278     -0.025  
 72       -253     -0.025  
 72       -228     -0.025  
 72       -203     -0.025  
 72       -178     -0.015  
 72       -153     -0.005  
 72       -128     -0.005  
 72       -103     -0.005  
 72       -78      -0.005  
 72       -53      -0.015  
 72       -28      -0.015  
 72       -3       -0.005  
 72       22       -0.005  
 72       47       -0.005  
 72       72       -0.005  
 72       97       -0.005  
 72       122      -0.015  
 72       147      -0.025  
 72       172      -0.035  
 72       197      -0.045  
 72       222      -0.065  
 72       247      -0.125  
 97       -828     -0.125  
 97       -803     -0.105  
 97       -778     -0.085  
 97       -753     -0.075  
 97       -728     -0.085  
 97       -703     -0.075  
 97       -678     -0.065  
 97       -653     -0.055  
 97       -628     -0.055  
 97       -603     -0.055  
 97       -578     -0.055  
 97       -553     -0.045  
 97       -528     -0.015  
 97       -503     -0.005  
 97       -478     -0.005  
 97       -453     -0.005  
 97       -428     -0.005  
 97       -403     -0.005  
 97       -378     -0.005  
 97       -353     -0.025  
 97       -328     -0.015  
 97       -303     -0.025  
 97       -278     -0.045  
 97       -253     -0.045  
 97       -228     -0.045  
 97       -203     -0.025  
 97       -178     -0.015  
 97       -153     -0.005  
 97       -128     -0.005  
 97       -103     -0.005  
 97       -78      -0.005  
 97       -53      -0.005  
 97       -28      -0.005  
 97       -3       -0.005  
 97       22       -0.005  
 97       47       -0.005  
 97       72       -0.005  
 97       97       -0.005  
 97       122      -0.015  
 97       147      -0.045  
 97       172      -0.075  
 97       197      -0.095  
 97       222      -0.085  
 97       247      -0.095  
 97       272      -0.105  
 122      -728     -0.125  
 122      -703     -0.105  
 122      -678     -0.085  
 122      -653     -0.085  
 122      -628     -0.085  
 122      -603     -0.095  
 122      -578     -0.085  
 122      -553     -0.055  
 122      -528     -0.025  
 122      -503     -0.005  
 122      -478     -0.005  
 122      -453     -0.005  
 122      -428     -0.005  
 122      -403     -0.005  
 122      -378     -0.005  
 122      -353     -0.015  
 122      -328     -0.015  
 122      -303     -0.025  
 122      -278     -0.045  
 122      -253     -0.075  
 122      -228     -0.055  
 122      -203     -0.025  
 122      -178     -0.015  
 122      -153     -0.005  
 122      -128     -0.005  
 122      -103     -0.015  
 122      -78      -0.005  
 122      -53      -0.005  
 122      -28      -0.005  
 122      -3       -0.005  
 122      22       -0.005  
 122      47       -0.005  
 122      72       -0.005  
 122      97       -0.015  
 122      122      -0.025  
 122      147      -0.055  
 122      172      -0.095  
 122      197      -0.065  
 122      222      -0.055  
 122      247      -0.065  
 122      272      -0.075  
 122      297      -0.105  
 147      -678     -0.125  
 147      -653     -0.125  
 147      -628     -0.125  
 147      -603     -0.115  
 147      -578     -0.085  
 147      -553     -0.045  
 147      -528     -0.015  
 147      -503     -0.005  
 147      -478     -0.005  
 147      -453     -0.005  
 147      -428     -0.005  
 147      -403     -0.005  
 147      -378     -0.005  
 147      -353     -0.025  
 147      -328     -0.025  
 147      -303     -0.035  
 147      -278     -0.055  
 147      -253     -0.085  
 147      -228     -0.055  
 147      -203     -0.025  
 147      -178     -0.015  
 147      -153     -0.005  
 147      -128     -0.005  
 147      -103     -0.015  
 147      -78      -0.005  
 147      -53      -0.005  
 147      -28      -0.005  
 147      -3       -0.005  
 147      22       -0.005  
 147      47       -0.005  
 147      72       -0.005  
 147      97       -0.015  
 147      122      -0.035  
 147      147      -0.075  
 147      172      -0.065  
 147      197      -0.035  
 147      222      -0.035  
 147      247      -0.045  
 147      272      -0.055  
 147      297      -0.085  
 147      322      -0.125  
 172      -603     -0.115  
 172      -578     -0.065  
 172      -553     -0.035  
 172      -528     -0.015  
 172      -503     -0.005  
 172      -478     -0.005  
 172      -453     -0.005  
 172      -428     -0.005  
 172      -403     -0.005  
 172      -378     -0.015  
 172      -353     -0.025  
 172      -328     -0.045  
 172      -303     -0.055  
 172      -278     -0.075  
 172      -253     -0.105  
 172      -228     -0.055  
 172      -203     -0.025  
 172      -178     -0.015  
 172      -153     -0.005  
 172      -128     -0.005  
 172      -103     -0.005  
 172      -78      -0.005  
 172      -53      -0.005  
 172      -28      -0.005  
 172      -3       -0.005  
 172      22       -0.005  
 172      47       -0.005  
 172      72       -0.005  
 172      97       -0.015  
 172      122      -0.025  
 172      147      -0.045  
 172      172      -0.045  
 172      197      -0.015  
 172      222      -0.015  
 172      247      -0.025  
 172      272      -0.045  
 172      297      -0.085  
 172      322      -0.125  
 178      -603     -0.105  
 178      -578     -0.065  
 178      -553     -0.035  
 178      -528     -0.015  
 178      -503     -0.015  
 178      -478     -0.005  
 178      -453     -0.005  
 178      -428     -0.005  
 178      -403     -0.005  
 178      -378     -0.015  
 178      -353     -0.025  
 178      -328     -0.055  
 178      -303     -0.065  
 178      -278     -0.075  
 178      -253     -0.105  
 178      -228     -0.055  
 178      -203     -0.025  
 178      -178     -0.015  
 178      -153     -0.005  
 178      -128     -0.005  
 178      -103     -0.005  
 178      -78      -0.005  
 178      -53      -0.005  
 178      -28      -0.005  
 178      -3       -0.005  
 178      22       -0.005  
 178      47       -0.005  
 178      72       -0.005  
 178      97       -0.015  
 178      122      -0.015  
 178      147      -0.035  
 178      172      -0.035  
 178      197      -0.015  
 178      222      -0.015  
 178      247      -0.025  
 178      272      -0.045  
 178      297      -0.085  
 178      322      -0.125  
 203      -603     -0.105  
 203      -578     -0.075  
 203      -553     -0.045  
 203      -528     -0.025  
 203      -503     -0.015  
 203      -478     -0.005  
 203      -453     -0.005  
 203      -428     -0.015  
 203      -403     -0.015  
 203      -378     -0.015  
 203      -353     -0.045  
 203      -328     -0.085  
 203      -303     -0.095  
 203      -278     -0.105  
 203      -253     -0.105  
 203      -228     -0.055  
 203      -203     -0.025  
 203      -178     -0.015  
 203      -153     -0.005  
 203      -128     -0.005  
 203      -103     -0.005  
 203      -78      -0.005  
 203      -53      -0.005  
 203      -28      -0.005  
 203      -3       -0.005  
 203      22       -0.005  
 203      47       -0.005  
 203      72       -0.005  
 203      97       -0.005  
 203      122      -0.005  
 203      147      -0.005  
 203      172      -0.005  
 203      197      -0.005  
 203      222      -0.015  
 203      247      -0.025  
 203      272      -0.055  
 203      297      -0.085  
 228      -603     -0.125  
 228      -578     -0.085  
 228      -553     -0.055  
 228      -528     -0.025  
 228      -503     -0.015  
 228      -478     -0.005  
 228      -453     -0.005  
 228      -428     -0.015  
 228      -403     -0.015  
 228      -378     -0.015  
 228      -353     -0.035  
 228      -328     -0.075  
 228      -253     -0.105  
 228      -228     -0.055  
 228      -203     -0.025  
 228      -178     -0.015  
 228      -153     -0.005  
 228      -128     -0.005  
 228      -103     -0.025  
 228      -78      -0.015  
 228      -53      -0.005  
 228      -28      -0.005  
 228      -3       -0.005  
 228      22       -0.005  
 228      47       -0.015  
 228      72       -0.015  
 228      97       -0.005  
 228      122      -0.005  
 228      147      -0.005  
 228      172      -0.005  
 228      197      -0.005  
 228      222      -0.035  
 228      247      -0.055  
 228      272      -0.085  
 228      297      -0.125  
 253      -578     -0.105  
 253      -553     -0.055  
 253      -528     -0.025  
 253      -503     -0.015  
 253      -478     -0.005  
 253      -453     -0.005  
 253      -428     -0.025  
 253      -403     -0.025  
 253      -378     -0.025  
 253      -353     -0.045  
 253      -328     -0.075  
 253      -303     -0.125  
 253      -253     -0.105  
 253      -228     -0.055  
 253      -203     -0.025  
 253      -178     -0.015  
 253      -153     -0.005  
 253      -128     -0.005  
 253      -103     -0.025  
 253      -78      -0.015  
 253      -53      -0.005  
 253      -28      -0.005  
 253      -3       -0.015  
 253      22       -0.015  
 253      47       -0.015  
 253      72       -0.025  
 253      97       -0.015  
 253      122      -0.005  
 253      147      -0.005  
 253      172      -0.005  
 253      197      -0.015  
 253      222      -0.045  
 253      247      -0.085  
 253      272      -0.125  
 278      -578     -0.115  
 278      -553     -0.055  
 278      -528     -0.025  
 278      -503     -0.015  
 278      -478     -0.005  
 278      -453     -0.005  
 278      -428     -0.025  
 278      -403     -0.045  
 278      -378     -0.045  
 278      -353     -0.065  
 278      -328     -0.085  
 278      -253     -0.105  
 278      -228     -0.055  
 278      -203     -0.025  
 278      -178     -0.015  
 278      -153     -0.005  
 278      -128     -0.005  
 278      -103     -0.025  
 278      -78      -0.015  
 278      -53      -0.005  
 278      -28      -0.015  
 278      -3       -0.015  
 278      22       -0.025  
 278      47       -0.025  
 278      72       -0.035  
 278      97       -0.035  
 278      122      -0.015  
 278      147      -0.005  
 278      172      -0.015  
 278      197      -0.025  
 278      222      -0.045  
 278      247      -0.075  
 278      272      -0.115  
 303      -578     -0.115  
 303      -553     -0.055  
 303      -528     -0.025  
 303      -503     -0.015  
 303      -478     -0.005  
 303      -453     -0.005  
 303      -428     -0.025  
 303      -403     -0.045  
 303      -378     -0.075  
 303      -353     -0.085  
 303      -328     -0.115  
 303      -253     -0.105  
 303      -228     -0.055  
 303      -203     -0.025  
 303      -178     -0.015  
 303      -153     -0.005  
 303      -128     -0.005  
 303      -103     -0.025  
 303      -78      -0.025  
 303      -53      -0.015  
 303      -28      -0.015  
 303      -3       -0.035  
 303      22       -0.035  
 303      47       -0.035  
 303      72       -0.045  
 303      97       -0.065  
 303      122      -0.025  
 303      147      -0.015  
 303      172      -0.015  
 303      197      -0.045  
 303      222      -0.065  
 303      247      -0.085  
 303      272      -0.125  
 328      -578     -0.115  
 328      -553     -0.055  
 328      -528     -0.025  
 328      -503     -0.015  
 328      -478     -0.005  
 328      -453     -0.005  
 328      -428     -0.025  
 328      -403     -0.055  
 328      -378     -0.095  
 328      -353     -0.115  
 328      -253     -0.105  
 328      -228     -0.055  
 328      -203     -0.025  
 328      -178     -0.015  
 328      -153     -0.005  
 328      -128     -0.005  
 328      -103     -0.025  
 328      -78      -0.025  
 328      -53      -0.015  
 328      -28      -0.015  
 328      -3       -0.035  
 328      22       -0.055  
 328      47       -0.055  
 328      72       -0.065  
 328      97       -0.045  
 328      122      -0.025  
 328      147      -0.015  
 328      172      -0.015  
 328      197      -0.035  
 328      222      -0.085  
 328      247      -0.105  
 353      -578     -0.115  
 353      -553     -0.065  
 353      -528     -0.025  
 353      -503     -0.015  
 353      -478     -0.005  
 353      -453     -0.005  
 353      -428     -0.025  
 353      -403     -0.055  
 353      -378     -0.105  
 353      -253     -0.105  
 353      -228     -0.055  
 353      -203     -0.025  
 353      -178     -0.015  
 353      -153     -0.005  
 353      -128     -0.005  
 353      -103     -0.025  
 353      -78      -0.035  
 353      -53      -0.025  
 353      -28      -0.035  
 353      -3       -0.045  
 353      22       -0.075  
 353      47       -0.075  
 353      72       -0.085  
 353      97       -0.055  
 353      122      -0.035  
 353      147      -0.025  
 353      172      -0.035  
 353      197      -0.045  
 353      222      -0.085  
 378      -578     -0.125  
 378      -553     -0.065  
 378      -528     -0.035  
 378      -503     -0.015  
 378      -478     -0.005  
 378      -453     -0.005  
 378      -428     -0.025  
 378      -403     -0.055  
 378      -378     -0.115  
 378      -253     -0.105  
 378      -228     -0.055  
 378      -203     -0.025  
 378      -178     -0.015  
 378      -153     -0.005  
 378      -128     -0.005  
 378      -103     -0.025  
 378      -78      -0.045  
 378      -53      -0.045  
 378      -28      -0.055  
 378      -3       -0.065  
 378      22       -0.095  
 378      47       -0.095  
 378      72       -0.105  
 378      97       -0.075  
 378      122      -0.055  
 378      147      -0.045  
 378      172      -0.055  
 378      197      -0.065  
 378      222      -0.095  
 403      -578     -0.125  
 403      -553     -0.065  
 403      -528     -0.025  
 403      -503     -0.015  
 403      -478     -0.005  
 403      -453     -0.005  
 403      -428     -0.025  
 403      -403     -0.055  
 403      -378     -0.115  
 403      -253     -0.105  
 403      -228     -0.055  
 403      -203     -0.025  
 403      -178     -0.015  
 403      -153     -0.005  
 403      -128     -0.005  
 403      -103     -0.025  
 403      -78      -0.045  
 403      -53      -0.075  
 403      -28      -0.075  
 403      -3       -0.095  
 403      22       -0.125  
 403      47       -0.125  
 403      97       -0.105  
 403      122      -0.085  
 403      147      -0.075  
 403      172      -0.075  
 403      197      -0.095  
 403      222      -0.125  
 428      -578     -0.125  
 428      -553     -0.065  
 428      -528     -0.025  
 428      -503     -0.005  
 428      -478     -0.005  
 428      -453     -0.005  
 428      -428     -0.015  
 428      -403     -0.035  
 428      -378     -0.085  
 428      -253     -0.105  
 428      -228     -0.055  
 428      -203     -0.025  
 428      -178     -0.015  
 428      -153     -0.005  
 428      -128     -0.005  
 428      -103     -0.025  
 428      -78      -0.045  
 428      -53      -0.095  
 428      -28      -0.115  
 428      122      -0.115  
 428      147      -0.105  
 428      172      -0.115  
 428      197      -0.125  
 453      -553     -0.055  
 453      -528     -0.025  
 453      -503     -0.005  
 453      -478     -0.005  
 453      -453     -0.005  
 453      -428     -0.005  
 453      -403     -0.025  
 453      -378     -0.055  
 453      -353     -0.115  
 453      -253     -0.085  
 453      -228     -0.055  
 453      -203     -0.025  
 453      -178     -0.015  
 453      -153     -0.005  
 453      -128     -0.005  
 453      -103     -0.025  
 453      -78      -0.045  
 453      -53      -0.095  
 478      -553     -0.065  
 478      -528     -0.025  
 478      -503     -0.005  
 478      -478     -0.005  
 478      -453     -0.005  
 478      -428     -0.005  
 478      -403     -0.015  
 478      -378     -0.035  
 478      -353     -0.085  
 478      -278     -0.125  
 478      -253     -0.085  
 478      -228     -0.045  
 478      -203     -0.025  
 478      -178     -0.015  
 478      -153     -0.005  
 478      -128     -0.005  
 478      -103     -0.025  
 478      -78      -0.055  
 478      -53      -0.095  
 503      -578     -0.105  
 503      -553     -0.055  
 503      -528     -0.015  
 503      -503     -0.015  
 503      -478     -0.015  
 503      -453     -0.015  
 503      -428     -0.005  
 503      -403     -0.005  
 503      -378     -0.025  
 503      -353     -0.065  
 503      -278     -0.125  
 503      -253     -0.085  
 503      -228     -0.045  
 503      -203     -0.025  
 503      -178     -0.015  
 503      -153     -0.005  
 503      -128     -0.005  
 503      -103     -0.015  
 503      -78      -0.035  
 503      -53      -0.055  
 503      -28      -0.095  
 528      -578     -0.075  
 528      -553     -0.035  
 528      -528     -0.015  
 528      -503     -0.015  
 528      -478     -0.015  
 528      -453     -0.025  
 528      -428     -0.005  
 528      -403     -0.005  
 528      -378     -0.015  
 528      -353     -0.075  
 528      -328     -0.125  
 528      -253     -0.095  
 528      -228     -0.055  
 528      -203     -0.025  
 528      -178     -0.015  
 528      -153     -0.005  
 528      -128     -0.005  
 528      -103     -0.005  
 528      -78      -0.015  
 528      -53      -0.035  
 528      -28      -0.065  
 528      -3       -0.105  
 553      -603     -0.125  
 553      -578     -0.085  
 553      -553     -0.045  
 553      -528     -0.035  
 553      -503     -0.025  
 553      -478     -0.035  
 553      -453     -0.035  
 553      -428     -0.015  
 553      -403     -0.005  
 553      -378     -0.015  
 553      -353     -0.035  
 553      -328     -0.065  
 553      -303     -0.115  
 553      -253     -0.105  
 553      -228     -0.055  
 553      -203     -0.025  
 553      -178     -0.015  
 553      -153     -0.005  
 553      -128     -0.005  
 553      -103     -0.005  
 553      -78      -0.005  
 553      -53      -0.025  
 553      -28      -0.045  
 553      -3       -0.075  
 553      22       -0.125  
 578      -578     -0.095  
 578      -553     -0.065  
 578      -528     -0.055  
 578      -503     -0.045  
 578      -478     -0.055  
 578      -453     -0.075  
 578      -428     -0.025  
 578      -403     -0.015  
 578      -378     -0.015  
 578      -353     -0.025  
 578      -328     -0.055  
 578      -303     -0.095  
 578      -253     -0.115  
 578      -228     -0.065  
 578      -203     -0.025  
 578      -178     -0.015  
 578      -153     -0.005  
 578      -128     -0.005  
 578      -103     -0.005  
 578      -78      -0.005  
 578      -53      -0.005  
 578      -28      -0.025  
 578      -3       -0.045  
 578      22       -0.085  
 603      -578     -0.125  
 603      -553     -0.095  
 603      -528     -0.085  
 603      -503     -0.075  
 603      -478     -0.085  
 603      -453     -0.095  
 603      -428     -0.045  
 603      -403     -0.025  
 603      -378     -0.025  
 603      -353     -0.045  
 603      -328     -0.065  
 603      -303     -0.095  
 603      -253     -0.115  
 603      -228     -0.065  
 603      -203     -0.025  
 603      -178     -0.015  
 603      -153     -0.005  
 603      -128     -0.005  
 603      -103     -0.015  
 603      -78      -0.005  
 603      -53      -0.005  
 603      -28      -0.015  
 603      -3       -0.025  
 603      22       -0.055  
 603      47       -0.105  
 628      -528     -0.115  
 628      -503     -0.115  
 628      -478     -0.125  
 628      -453     -0.105  
 628      -428     -0.065  
 628      -403     -0.055  
 628      -378     -0.055  
 628      -353     -0.065  
 628      -328     -0.085  
 628      -303     -0.115  
 628      -253     -0.125  
 628      -228     -0.065  
 628      -203     -0.025  
 628      -178     -0.015  
 628      -153     -0.005  
 628      -128     -0.005  
 628      -103     -0.025  
 628      -78      -0.015  
 628      -53      -0.005  
 628      -28      -0.005  
 628      -3       -0.015  
 628      22       -0.035  
 628      47       -0.065  
 628      72       -0.115  
 653      -428     -0.105  
 653      -403     -0.085  
 653      -378     -0.085  
 653      -353     -0.085  
 653      -328     -0.105  
 653      -253     -0.125  
 653      -228     -0.065  
 653      -203     -0.035  
 653      -178     -0.015  
 653      -153     -0.005  
 653      -128     -0.005  
 653      -103     -0.025  
 653      -78      -0.015  
 653      -53      -0.005  
 653      -28      -0.005  
 653      -3       -0.005  
 653      22       -0.015  
 653      47       -0.045  
 653      72       -0.085  
 678      -403     -0.125  
 678      -378     -0.115  
 678      -353     -0.125  
 678      -228     -0.065  
 678      -203     -0.035  
 678      -178     -0.015  
 678      -153     -0.005  
 678      -128     -0.005  
 678      -103     -0.025  
 678      -78      -0.035  
 678      -53      -0.005  
 678      -28      -0.005  
 678      -3       -0.005  
 678      22       -0.015  
 678      47       -0.025  
 678      72       -0.055  
 678      97       -0.105  
 703      -228     -0.065  
 703      -203     -0.035  
 703      -178     -0.015  
 703      -153     -0.005  
 703      -128     -0.005  
 703      -103     -0.025  
 703      -78      -0.055  
 703      -53      -0.035  
 703      -28      -0.015  
 703      -3       -0.005  
 703      22       -0.005  
 703      47       -0.015  
 703      72       -0.035  
 703      97       -0.085  
 728      -228     -0.075  
 728      -203     -0.035  
 728      -178     -0.015  
 728      -153     -0.005  
 728      -128     -0.005  
 728      -103     -0.025  
 728      -78      -0.065  
 728      -53      -0.055  
 728      -28      -0.025  
 728      -3       -0.015  
 728      22       -0.005  
 728      47       -0.005  
 728      72       -0.025  
 728      97       -0.045  
 728      122      -0.075  
 728      147      -0.125  
 753      -228     -0.075  
 753      -203     -0.035  
 753      -178     -0.015  
 753      -153     -0.005  
 753      -128     -0.005  
 753      -103     -0.025  
 753      -78      -0.065  
 753      -53      -0.095  
 753      -28      -0.055  
 753      -3       -0.025  
 753      22       -0.015  
 753      47       -0.005  
 753      72       -0.015  
 753      97       -0.025  
 753      122      -0.055  
 753      147      -0.085  
 778      -228     -0.075  
 778      -203     -0.035  
 778      -178     -0.015  
 778      -153     -0.005  
 778      -128     -0.005  
 778      -103     -0.025  
 778      -78      -0.065  
 778      -53      -0.125  
 778      -28      -0.095  
 778      -3       -0.065  
 778      22       -0.035  
 778      47       -0.015  
 778      72       -0.015  
 778      97       -0.025  
 778      122      -0.045  
 778      147      -0.085  
 778      172      -0.125  
 803      -228     -0.075  
 803      -203     -0.035  
 803      -178     -0.015  
 803      -153     -0.005  
 803      -128     -0.005  
 803      -103     -0.025  
 803      -78      -0.065  
 803      -3       -0.125  
 803      22       -0.055  
 803      47       -0.025  
 803      72       -0.025  
 803      97       -0.035  
 803      122      -0.055  
 803      147      -0.085  
 803      172      -0.125  
 828      -228     -0.085  
 828      -203     -0.035  
 828      -178     -0.015  
 828      -153     -0.005  
 828      -128     -0.005  
 828      -103     -0.025  
 828      -78      -0.065  
 828      22       -0.075  
 828      47       -0.055  
 828      72       -0.055  
 828      97       -0.055  
 828      122      -0.075  
 828      147      -0.105  
 853      -228     -0.085  
 853      -203     -0.035  
 853      -178     -0.015  
 853      -153     -0.005  
 853      -128     -0.005  
 853      -103     -0.025  
 853      -78      -0.075  
 853      22       -0.115  
 853      47       -0.085  
 853      72       -0.085  
 853      97       -0.085  
 853      122      -0.105  
 853      147      -0.125  
 878      -228     -0.095  
 878      -203     -0.045  
 878      -178     -0.015  
 878      -153     -0.015  
 878      -128     -0.015  
 878      -103     -0.035  
 878      -78      -0.085  
 878      47       -0.125  
 878      72       -0.125  
 878      97       -0.125  
 903      -203     -0.065  
 903      -178     -0.025  
 903      -153     -0.015  
 903      -128     -0.015  
 903      -103     -0.055  
 903      -78      -0.115  
 928      -228     -0.105  
 928      -203     -0.045  
 928      -178     -0.015  
 928      -153     -0.015  
 928      -128     -0.015  
 928      -103     -0.035  
 928      -78      -0.085  
 953      -228     -0.095  
 953      -203     -0.055  
 953      -178     -0.035  
 953      -153     -0.025  
 953      -128     -0.025  
 953      -103     -0.045  
 953      -78      -0.085  
 978      -228     -0.105  
 978      -203     -0.075  
 978      -178     -0.055  
 978      -153     -0.045  
 978      -128     -0.045  
 978      -103     -0.065  
 978      -78      -0.095  
 1e+03    -228     -0.125  
 1e+03    -203     -0.095  
 1e+03    -178     -0.075  
 1e+03    -153     -0.075  
 1e+03    -128     -0.075  
 1e+03    -103     -0.095  
 1e+03    -78      -0.125  
 1.03e+03 -178     -0.115  
 1.03e+03 -153     -0.105  
 1.03e+03 -128     -0.115  
 1.03e+03 -103     -0.125  
 -153     -1.03e+03 -0.095  
 -153     -1.05e+03 -0.115  
 -153     -1.08e+03 -0.125  
 -128     -1.03e+03 -0.055  
 -128     -1.05e+03 -0.065  
 -128     -1.08e+03 -0.075  
 -128     -1.1e+03 -0.085  
 -128     -1.13e+03 -0.085  
 -128     -1.15e+03 -0.095  
 -128     -1.18e+03 -0.095  
 -128     -1.2e+03 -0.105  
 -128     -1.23e+03 -0.115  
 -128     -1.25e+03 -0.125  
 -103     -1.03e+03 -0.025  
 -103     -1.05e+03 -0.035  
 -103     -1.08e+03 -0.035  
 -103     -1.1e+03 -0.045  
 -103     -1.13e+03 -0.045  
 -103     -1.15e+03 -0.045  
 -103     -1.18e+03 -0.055  
 -103     -1.2e+03 -0.055  
 -103     -1.23e+03 -0.065  
 -103     -1.25e+03 -0.075  
 -103     -1.28e+03 -0.085  
 -103     -1.3e+03 -0.095  
 -103     -1.33e+03 -0.105  
 -103     -1.35e+03 -0.115  
 -103     -1.38e+03 -0.125  
 -78      -1.03e+03 -0.015  
 -78      -1.05e+03 -0.015  
 -78      -1.08e+03 -0.015  
 -78      -1.1e+03 -0.015  
 -78      -1.13e+03 -0.015  
 -78      -1.15e+03 -0.025  
 -78      -1.18e+03 -0.025  
 -78      -1.2e+03 -0.025  
 -78      -1.23e+03 -0.035  
 -78      -1.25e+03 -0.035  
 -78      -1.28e+03 -0.045  
 -78      -1.3e+03 -0.045  
 -78      -1.33e+03 -0.055  
 -78      -1.35e+03 -0.065  
 -78      -1.38e+03 -0.065  
 -78      -1.4e+03 -0.075  
 -78      -1.43e+03 -0.085  
 -78      -1.45e+03 -0.095  
 -78      -1.48e+03 -0.105  
 -78      -1.5e+03 -0.115  
 -53      -1.03e+03 -0.005  
 -53      -1.05e+03 -0.005  
 -53      -1.08e+03 -0.005  
 -53      -1.1e+03 -0.005  
 -53      -1.13e+03 -0.005  
 -53      -1.15e+03 -0.005  
 -53      -1.18e+03 -0.015  
 -53      -1.2e+03 -0.015  
 -53      -1.23e+03 -0.015  
 -53      -1.25e+03 -0.015  
 -53      -1.28e+03 -0.015  
 -53      -1.3e+03 -0.025  
 -53      -1.33e+03 -0.025  
 -53      -1.35e+03 -0.025  
 -53      -1.38e+03 -0.035  
 -53      -1.4e+03 -0.035  
 -53      -1.43e+03 -0.045  
 -53      -1.45e+03 -0.055  
 -53      -1.48e+03 -0.055  
 -53      -1.5e+03 -0.065  
 -53      -1.53e+03 -0.075  
 -53      -1.55e+03 -0.085  
 -53      -1.58e+03 -0.095  
 -53      -1.6e+03 -0.105  
 -28      -1.03e+03 -0.005  
 -28      -1.05e+03 -0.005  
 -28      -1.08e+03 -0.005  
 -28      -1.1e+03 -0.005  
 -28      -1.13e+03 -0.005  
 -28      -1.15e+03 -0.005  
 -28      -1.18e+03 -0.005  
 -28      -1.2e+03 -0.005  
 -28      -1.23e+03 -0.005  
 -28      -1.25e+03 -0.005  
 -28      -1.28e+03 -0.005  
 -28      -1.3e+03 -0.005  
 -28      -1.33e+03 -0.015  
 -28      -1.35e+03 -0.015  
 -28      -1.38e+03 -0.015  
 -28      -1.4e+03 -0.015  
 -28      -1.43e+03 -0.015  
 -28      -1.45e+03 -0.025  
 -28      -1.48e+03 -0.025  
 -28      -1.5e+03 -0.035  
 -28      -1.53e+03 -0.035  
 -28      -1.55e+03 -0.045  
 -28      -1.58e+03 -0.045  
 -28      -1.6e+03 -0.055  
 -3       -1.03e+03 -0.025  
 -3       -1.05e+03 -0.015  
 -3       -1.08e+03 -0.015  
 -3       -1.1e+03 -0.015  
 -3       -1.13e+03 -0.015  
 -3       -1.15e+03 -0.015  
 -3       -1.18e+03 -0.015  
 -3       -1.2e+03 -0.005  
 -3       -1.23e+03 -0.005  
 -3       -1.25e+03 -0.005  
 -3       -1.28e+03 -0.005  
 -3       -1.33e+03 -0.005  
 -3       -1.35e+03 -0.005  
 -3       -1.38e+03 -0.005  
 -3       -1.4e+03 -0.005  
 -3       -1.43e+03 -0.005  
 -3       -1.45e+03 -0.005  
 -3       -1.48e+03 -0.015  
 -3       -1.5e+03 -0.015  
 -3       -1.53e+03 -0.015  
 -3       -1.55e+03 -0.015  
 -3       -1.58e+03 -0.025  
 -3       -1.6e+03 -0.025  
 -753     -453     -0.125  
 -753     -428     -0.115  
 -753     -403     -0.105  
 -753     -378     -0.105  
 -753     -353     -0.125  
 -728     -478     -0.125  
 -728     -453     -0.095  
 -728     -428     -0.075  
 -728     -403     -0.075  
 -728     -378     -0.075  
 -728     -353     -0.095  
 -728     -328     -0.115  
 -703     -478     -0.105  
 -703     -453     -0.075  
 -703     -428     -0.055  
 -703     -403     -0.045  
 -703     -378     -0.045  
 -703     -353     -0.065  
 -703     -328     -0.095  
 -678     -478     -0.095  
 -678     -453     -0.055  
 -678     -428     -0.035  
 -678     -403     -0.025  
 -678     -378     -0.025  
 -678     -353     -0.045  
 -678     -328     -0.085  
 -653     -478     -0.095  
 -653     -453     -0.045  
 -653     -428     -0.015  
 -653     -403     -0.015  
 -653     -378     -0.015  
 -653     -353     -0.035  
 -653     -328     -0.085  
 -628     -453     -0.065  
 -628     -428     -0.025  
 -628     -403     -0.015  
 -628     -378     -0.015  
 -628     -353     -0.055  
 -628     -328     -0.115  
 -628     -228     -0.115  
 -628     -203     -0.115  
 -628     -178     -0.115  
 -178     -1e+03   -0.125  
 -153     -1.08e+03 -0.125  
 -153     -1.05e+03 -0.115  
 -153     -1.03e+03 -0.095  
 -153     -1e+03   -0.085  
 -153     -978     -0.085  
 -153     -953     -0.105  
 -128     -1.25e+03 -0.125  
 -128     -1.23e+03 -0.115  
 -128     -1.2e+03 -0.105  
 -128     -1.18e+03 -0.095  
 -128     -1.15e+03 -0.095  
 -128     -1.13e+03 -0.085  
 -128     -1.1e+03 -0.085  
 -128     -1.08e+03 -0.075  
 -128     -1.05e+03 -0.065  
 -128     -1.03e+03 -0.055  
 -128     -1e+03   -0.045  
 -128     -978     -0.055  
 -128     -953     -0.065  
 -128     -928     -0.075  
 -128     -903     -0.095  
 -103     -1.38e+03 -0.125  
 -103     -1.35e+03 -0.115  
 -103     -1.33e+03 -0.105  
 -103     -1.3e+03 -0.095  
 -103     -1.28e+03 -0.085  
 -103     -1.25e+03 -0.075  
 -103     -1.23e+03 -0.065  
 -103     -1.2e+03 -0.055  
 -103     -1.18e+03 -0.055  
 -103     -1.15e+03 -0.045  
 -103     -1.13e+03 -0.045  
 -103     -1.1e+03 -0.045  
 -103     -1.08e+03 -0.035  
 -103     -1.05e+03 -0.035  
 -103     -1.03e+03 -0.025  
 -103     -1e+03   -0.025  
 -103     -978     -0.025  
 -103     -953     -0.035  
 -103     -928     -0.045  
 -103     -903     -0.045  
 -78      -1.5e+03 -0.115  
 -78      -1.48e+03 -0.105  
 -78      -1.45e+03 -0.095  
 -78      -1.43e+03 -0.085  
 -78      -1.4e+03 -0.075  
 -78      -1.38e+03 -0.065  
 -78      -1.35e+03 -0.065  
 -78      -1.33e+03 -0.055  
 -78      -1.3e+03 -0.045  
 -78      -1.28e+03 -0.045  
 -78      -1.25e+03 -0.035  
 -78      -1.23e+03 -0.035  
 -78      -1.2e+03 -0.025  
 -78      -1.18e+03 -0.025  
 -78      -1.15e+03 -0.025  
 -78      -1.13e+03 -0.015  
 -78      -1.1e+03 -0.015  
 -78      -1.08e+03 -0.015  
 -78      -1.05e+03 -0.015  
 -78      -1.03e+03 -0.015  
 -78      -1e+03   -0.015  
 -78      -978     -0.015  
 -78      -953     -0.015  
 -78      -928     -0.015  
 -78      -903     -0.025  
 -53      -1.65e+03 -0.125  
 -53      -1.63e+03 -0.115  
 -53      -1.6e+03 -0.105  
 -53      -1.58e+03 -0.095  
 -53      -1.55e+03 -0.085  
 -53      -1.53e+03 -0.075  
 -53      -1.5e+03 -0.065  
 -53      -1.48e+03 -0.055  
 -53      -1.45e+03 -0.055  
 -53      -1.43e+03 -0.045  
 -53      -1.4e+03 -0.035  
 -53      -1.38e+03 -0.035  
 -53      -1.35e+03 -0.025  
 -53      -1.33e+03 -0.025  
 -53      -1.3e+03 -0.025  
 -53      -1.28e+03 -0.015  
 -53      -1.25e+03 -0.015  
 -53      -1.23e+03 -0.015  
 -53      -1.2e+03 -0.015  
 -53      -1.18e+03 -0.015  
 -53      -1.15e+03 -0.005  
 -53      -1.13e+03 -0.005  
 -53      -1.1e+03 -0.005  
 -53      -1.08e+03 -0.005  
 -53      -1.05e+03 -0.005  
 -53      -1.03e+03 -0.005  
 -53      -1e+03   -0.005  
 -53      -978     -0.005  
 -53      -953     -0.005  
 -53      -928     -0.005  
 -53      -903     -0.005  
 -28      -1.73e+03 -0.105  
 -28      -1.7e+03 -0.085  
 -28      -1.68e+03 -0.075  
 -28      -1.65e+03 -0.065  
 -28      -1.63e+03 -0.065  
 -28      -1.6e+03 -0.055  
 -28      -1.58e+03 -0.045  
 -28      -1.55e+03 -0.045  
 -28      -1.53e+03 -0.035  
 -28      -1.5e+03 -0.035  
 -28      -1.48e+03 -0.025  
 -28      -1.45e+03 -0.025  
 -28      -1.43e+03 -0.015  
 -28      -1.4e+03 -0.015  
 -28      -1.38e+03 -0.015  
 -28      -1.35e+03 -0.015  
 -28      -1.33e+03 -0.015  
 -28      -1.3e+03 -0.005  
 -28      -1.28e+03 -0.005  
 -28      -1.25e+03 -0.005  
 -28      -1.23e+03 -0.005  
 -28      -1.2e+03 -0.005  
 -28      -1.18e+03 -0.005  
 -28      -1.15e+03 -0.005  
 -28      -1.13e+03 -0.005  
 -28      -1.1e+03 -0.005  
 -28      -1.08e+03 -0.005  
 -28      -1.05e+03 -0.005  
 -28      -1.03e+03 -0.005  
 -28      -1e+03   -0.005  
 -28      -978     -0.005  
 -28      -953     -0.005  
 -28      -928     -0.005  
 -3       -1.75e+03 -0.075  
 -3       -1.73e+03 -0.055  
 -3       -1.7e+03 -0.045  
 -3       -1.68e+03 -0.035  
 -3       -1.65e+03 -0.035  
 -3       -1.63e+03 -0.025  
 -3       -1.6e+03 -0.025  
 -3       -1.58e+03 -0.025  
 -3       -1.55e+03 -0.015  
 -3       -1.53e+03 -0.015  
 -3       -1.5e+03 -0.015  
 -3       -1.48e+03 -0.015  
 -3       -1.45e+03 -0.005  
 -3       -1.43e+03 -0.005  
 -3       -1.4e+03 -0.005  
 -3       -1.38e+03 -0.005  
 -3       -1.35e+03 -0.005  
 -3       -1.33e+03 -0.005  
 -3       -1.3e+03 -0.005  
 -3       -1.28e+03 -0.005  
 -3       -1.25e+03 -0.005  
 -3       -1.23e+03 -0.005  
 -3       -1.2e+03 -0.005  
 -3       -1.18e+03 -0.015  
 -3       -1.15e+03 -0.015  
 -3       -1.13e+03 -0.015  
 -3       -1.1e+03 -0.015  
 -3       -1.08e+03 -0.015  
 -3       -1.05e+03 -0.015  
 -3       -1.03e+03 -0.025  
 -3       -1e+03   -0.025  
 -3       -978     -0.015  
 -3       -953     -0.015  
 -3       -928     -0.015  
 -3       -903     -0.015  
 22       -1.75e+03 -0.035  
 22       -1.73e+03 -0.025  
 22       -1.7e+03 -0.025  
 22       -1.68e+03 -0.015  
 22       -1.65e+03 -0.015  
 22       -1.63e+03 -0.015  
 22       -1.6e+03 -0.015  
 22       -1.58e+03 -0.005  
 22       -1.55e+03 -0.005  
 22       -1.53e+03 -0.005  
 22       -1.5e+03 -0.005  
 22       -1.48e+03 -0.005  
 22       -1.45e+03 -0.005  
 22       -1.43e+03 -0.005  
 22       -1.4e+03 -0.005  
 22       -1.38e+03 -0.005  
 22       -1.35e+03 -0.005  
 22       -1.33e+03 -0.005  
 22       -1.3e+03 -0.015  
 22       -1.28e+03 -0.015  
 22       -1.25e+03 -0.015  
 22       -1.23e+03 -0.015  
 22       -1.2e+03 -0.025  
 22       -1.18e+03 -0.025  
 22       -1.15e+03 -0.025  
 22       -1.13e+03 -0.025  
 22       -1.1e+03 -0.035  
 22       -1.08e+03 -0.035  
 22       -1.05e+03 -0.045  
 22       -1.03e+03 -0.045  
 22       -1e+03   -0.055  
 22       -978     -0.045  
 22       -953     -0.035  
 22       -928     -0.035  
 22       -903     -0.025  
 47       -1.75e+03 -0.015  
 47       -1.73e+03 -0.005  
 47       -1.7e+03 -0.005  
 47       -1.68e+03 -0.005  
 47       -1.65e+03 -0.005  
 47       -1.63e+03 -0.005  
 47       -1.6e+03 -0.005  
 47       -1.58e+03 -0.005  
 47       -1.55e+03 -0.005  
 47       -1.53e+03 -0.005  
 47       -1.5e+03 -0.005  
 47       -1.48e+03 -0.005  
 47       -1.45e+03 -0.015  
 47       -1.43e+03 -0.015  
 47       -1.4e+03 -0.015  
 47       -1.38e+03 -0.015  
 47       -1.35e+03 -0.015  
 47       -1.33e+03 -0.025  
 47       -1.3e+03 -0.025  
 47       -1.28e+03 -0.035  
 47       -1.25e+03 -0.035  
 47       -1.23e+03 -0.045  
 47       -1.2e+03 -0.045  
 47       -1.18e+03 -0.055  
 47       -1.15e+03 -0.055  
 47       -1.13e+03 -0.065  
 47       -1.1e+03 -0.065  
 47       -1.08e+03 -0.075  
 47       -1.05e+03 -0.085  
 47       -1.03e+03 -0.095  
 47       -1e+03   -0.125  
 47       -978     -0.085  
 47       -953     -0.075  
 47       -928     -0.065  
 47       -903     -0.055  
 72       -1.75e+03 -0.005  
 72       -1.73e+03 -0.005  
 72       -1.7e+03 -0.005  
 72       -1.68e+03 -0.005  
 72       -1.65e+03 -0.005  
 72       -1.63e+03 -0.005  
 72       -1.6e+03 -0.005  
 72       -1.58e+03 -0.015  
 72       -1.55e+03 -0.015  
 72       -1.53e+03 -0.015  
 72       -1.5e+03 -0.015  
 72       -1.48e+03 -0.025  
 72       -1.45e+03 -0.025  
 72       -1.43e+03 -0.025  
 72       -1.4e+03 -0.035  
 72       -1.38e+03 -0.035  
 72       -1.35e+03 -0.045  
 72       -1.33e+03 -0.055  
 72       -1.3e+03 -0.055  
 72       -1.28e+03 -0.065  
 72       -1.25e+03 -0.075  
 72       -1.23e+03 -0.085  
 72       -1.2e+03 -0.095  
 72       -1.18e+03 -0.105  
 72       -1.15e+03 -0.105  
 72       -1.13e+03 -0.115  
 72       -1.1e+03 -0.125  
 72       -928     -0.115  
 72       -903     -0.105  
 97       -1.75e+03 -0.005  
 97       -1.73e+03 -0.015  
 97       -1.7e+03 -0.015  
 97       -1.68e+03 -0.015  
 97       -1.65e+03 -0.015  
 97       -1.63e+03 -0.015  
 97       -1.6e+03 -0.025  
 97       -1.58e+03 -0.025  
 97       -1.55e+03 -0.035  
 97       -1.53e+03 -0.035  
 97       -1.5e+03 -0.045  
 97       -1.48e+03 -0.045  
 97       -1.45e+03 -0.055  
 97       -1.43e+03 -0.065  
 97       -1.4e+03 -0.065  
 97       -1.38e+03 -0.075  
 97       -1.35e+03 -0.085  
 97       -1.33e+03 -0.095  
 97       -1.3e+03 -0.105  
 97       -1.28e+03 -0.115  
 122      -1.75e+03 -0.025  
 122      -1.73e+03 -0.025  
 122      -1.7e+03 -0.025  
 122      -1.68e+03 -0.035  
 122      -1.65e+03 -0.035  
 122      -1.63e+03 -0.045  
 122      -1.6e+03 -0.055  
 122      -1.58e+03 -0.055  
 122      -1.55e+03 -0.065  
 122      -1.53e+03 -0.075  
 122      -1.5e+03 -0.085  
 122      -1.48e+03 -0.095  
 122      -1.45e+03 -0.105  
 122      -1.43e+03 -0.115  
 122      -1.4e+03 -0.125  
 147      -1.75e+03 -0.045  
 147      -1.73e+03 -0.045  
 147      -1.7e+03 -0.055  
 147      -1.68e+03 -0.065  
 147      -1.65e+03 -0.075  
 147      -1.63e+03 -0.085  
 147      -1.6e+03 -0.095  
 147      -1.58e+03 -0.105  
 147      -1.55e+03 -0.115  
 172      -1.75e+03 -0.075  
 172      -1.73e+03 -0.075  
 172      -1.7e+03 -0.095  
 172      -1.68e+03 -0.115  
 197      -1.75e+03 -0.115  
 197      -1.73e+03 -0.125  
