3000 3
 -783     1.02e+03 -0.125  
 -783     1.04e+03 -0.115  
 -783     1.07e+03 -0.125  
 -758     992      -0.115  
 -758     1.02e+03 -0.075  
 -758     1.04e+03 -0.075  
 -758     1.07e+03 -0.085  
 -758     1.09e+03 -0.105  
 -733     917      -0.105  
 -733     942      -0.085  
 -733     967      -0.085  
 -733     992      -0.065  
 -733     1.02e+03 -0.045  
 -733     1.04e+03 -0.045  
 -733     1.07e+03 -0.055  
 -733     1.09e+03 -0.085  
 -733     1.12e+03 -0.115  
 -708     842      -0.105  
 -708     867      -0.085  
 -708     892      -0.065  
 -708     917      -0.055  
 -708     942      -0.035  
 -708     967      -0.025  
 -708     992      -0.025  
 -708     1.02e+03 -0.015  
 -708     1.04e+03 -0.025  
 -708     1.07e+03 -0.045  
 -708     1.09e+03 -0.065  
 -708     1.12e+03 -0.095  
 -683     767      -0.115  
 -683     792      -0.095  
 -683     817      -0.075  
 -683     842      -0.055  
 -683     867      -0.045  
 -683     892      -0.025  
 -683     917      -0.025  
 -683     942      -0.015  
 -683     967      -0.005  
 -683     992      -0.005  
 -683     1.02e+03 -0.005  
 -683     1.04e+03 -0.015  
 -683     1.07e+03 -0.035  
 -683     1.09e+03 -0.065  
 -683     1.12e+03 -0.095  
 -658     692      -0.125  
 -658     717      -0.095  
 -658     742      -0.075  
 -658     767      -0.065  
 -658     792      -0.045  
 -658     817      -0.035  
 -658     842      -0.025  
 -658     867      -0.015  
 -658     892      -0.015  
 -658     917      -0.005  
 -658     942      -0.005  
 -658     967      -0.005  
 -658     992      -0.005  
 -658     1.02e+03 -0.015  
 -658     1.04e+03 -0.025  
 -658     1.07e+03 -0.045  
 -658     1.09e+03 -0.075  
 -658     1.12e+03 -0.105  
 -658     1.14e+03 -0.105  
 -658     1.17e+03 -0.095  
 -658     1.19e+03 -0.095  
 -658     1.22e+03 -0.115  
 -633     617      -0.125  
 -633     642      -0.105  
 -633     667      -0.085  
 -633     692      -0.065  
 -633     717      -0.055  
 -633     742      -0.035  
 -633     767      -0.025  
 -633     792      -0.015  
 -633     817      -0.015  
 -633     842      -0.005  
 -633     867      -0.005  
 -633     892      -0.005  
 -633     917      -0.005  
 -633     942      -0.005  
 -633     967      -0.015  
 -633     992      -0.025  
 -633     1.02e+03 -0.045  
 -633     1.04e+03 -0.055  
 -633     1.07e+03 -0.055  
 -633     1.09e+03 -0.055  
 -633     1.12e+03 -0.085  
 -633     1.14e+03 -0.055  
 -633     1.17e+03 -0.055  
 -633     1.19e+03 -0.065  
 -633     1.22e+03 -0.085  
 -633     1.24e+03 -0.115  
 -608     492      -0.115  
 -608     517      -0.095  
 -608     542      -0.095  
 -608     567      -0.095  
 -608     592      -0.095  
 -608     617      -0.075  
 -608     642      -0.055  
 -608     667      -0.045  
 -608     692      -0.035  
 -608     717      -0.025  
 -608     742      -0.015  
 -608     767      -0.015  
 -608     792      -0.005  
 -608     817      -0.005  
 -608     842      -0.005  
 -608     867      -0.005  
 -608     892      -0.005  
 -608     917      -0.015  
 -608     942      -0.025  
 -608     967      -0.035  
 -608     992      -0.035  
 -608     1.02e+03 -0.025  
 -608     1.04e+03 -0.025  
 -608     1.07e+03 -0.025  
 -608     1.09e+03 -0.025  
 -608     1.12e+03 -0.025  
 -608     1.14e+03 -0.025  
 -608     1.17e+03 -0.025  
 -608     1.19e+03 -0.045  
 -608     1.22e+03 -0.065  
 -608     1.24e+03 -0.095  
 -583     467      -0.105  
 -583     492      -0.085  
 -583     517      -0.065  
 -583     542      -0.055  
 -583     567      -0.055  
 -583     592      -0.045  
 -583     617      -0.035  
 -583     642      -0.025  
 -583     667      -0.015  
 -583     692      -0.005  
 -583     717      -0.005  
 -583     742      -0.005  
 -583     767      -0.005  
 -583     792      -0.005  
 -583     817      -0.005  
 -583     842      -0.015  
 -583     867      -0.015  
 -583     892      -0.015  
 -583     917      -0.015  
 -583     942      -0.015  
 -583     967      -0.015  
 -583     992      -0.015  
 -583     1.02e+03 -0.015  
 -583     1.04e+03 -0.005  
 -583     1.07e+03 -0.005  
 -583     1.09e+03 -0.005  
 -583     1.12e+03 -0.005  
 -583     1.14e+03 -0.005  
 -583     1.17e+03 -0.015  
 -583     1.19e+03 -0.035  
 -583     1.22e+03 -0.065  
 -583     1.24e+03 -0.095  
 -558     442      -0.125  
 -558     467      -0.085  
 -558     492      -0.065  
 -558     517      -0.045  
 -558     542      -0.035  
 -558     567      -0.025  
 -558     592      -0.025  
 -558     617      -0.015  
 -558     642      -0.015  
 -558     667      -0.005  
 -558     692      -0.005  
 -558     717      -0.005  
 -558     742      -0.005  
 -558     767      -0.005  
 -558     792      -0.015  
 -558     817      -0.015  
 -558     842      -0.005  
 -558     867      -0.005  
 -558     892      -0.005  
 -558     917      -0.005  
 -558     942      -0.005  
 -558     967      -0.005  
 -558     992      -0.005  
 -558     1.02e+03 -0.005  
 -558     1.04e+03 -0.005  
 -558     1.07e+03 -0.005  
 -558     1.09e+03 -0.005  
 -558     1.12e+03 -0.005  
 -558     1.14e+03 -0.015  
 -558     1.17e+03 -0.025  
 -558     1.19e+03 -0.035  
 -558     1.22e+03 -0.065  
 -558     1.24e+03 -0.095  
 -533     442      -0.115  
 -533     467      -0.075  
 -533     492      -0.045  
 -533     517      -0.025  
 -533     542      -0.015  
 -533     567      -0.015  
 -533     592      -0.015  
 -533     617      -0.005  
 -533     642      -0.005  
 -533     667      -0.005  
 -533     692      -0.005  
 -533     717      -0.005  
 -533     742      -0.005  
 -533     767      -0.005  
 -533     792      -0.005  
 -533     817      -0.005  
 -533     842      -0.005  
 -533     867      -0.005  
 -533     892      -0.005  
 -533     917      -0.005  
 -533     942      -0.005  
 -533     967      -0.005  
 -533     992      -0.015  
 -533     1.02e+03 -0.015  
 -533     1.04e+03 -0.015  
 -533     1.07e+03 -0.015  
 -533     1.09e+03 -0.025  
 -533     1.12e+03 -0.025  
 -533     1.14e+03 -0.035  
 -533     1.17e+03 -0.045  
 -533     1.19e+03 -0.055  
 -533     1.22e+03 -0.085  
 -533     1.24e+03 -0.115  
 -508     442      -0.115  
 -508     467      -0.075  
 -508     492      -0.045  
 -508     517      -0.025  
 -508     542      -0.015  
 -508     567      -0.005  
 -508     592      -0.005  
 -508     617      -0.005  
 -508     642      -0.005  
 -508     667      -0.005  
 -508     692      -0.005  
 -508     717      -0.005  
 -508     742      -0.005  
 -508     767      -0.005  
 -508     792      -0.005  
 -508     817      -0.015  
 -508     842      -0.015  
 -508     867      -0.015  
 -508     892      -0.015  
 -508     917      -0.015  
 -508     942      -0.025  
 -508     967      -0.025  
 -508     992      -0.025  
 -508     1.02e+03 -0.035  
 -508     1.04e+03 -0.035  
 -508     1.07e+03 -0.045  
 -508     1.09e+03 -0.055  
 -508     1.12e+03 -0.075  
 -508     1.14e+03 -0.105  
 -508     1.17e+03 -0.085  
 -508     1.19e+03 -0.095  
 -508     1.22e+03 -0.115  
 -483     442      -0.085  
 -483     467      -0.055  
 -483     492      -0.025  
 -483     517      -0.015  
 -483     542      -0.005  
 -483     567      -0.005  
 -483     592      -0.005  
 -483     617      -0.005  
 -483     642      -0.015  
 -483     667      -0.015  
 -483     692      -0.015  
 -483     717      -0.015  
 -483     742      -0.015  
 -483     767      -0.025  
 -483     792      -0.025  
 -483     817      -0.025  
 -483     842      -0.035  
 -483     867      -0.035  
 -483     892      -0.045  
 -483     917      -0.045  
 -483     942      -0.055  
 -483     967      -0.055  
 -483     992      -0.065  
 -483     1.02e+03 -0.075  
 -483     1.04e+03 -0.085  
 -483     1.07e+03 -0.095  
 -483     1.09e+03 -0.115  
 -458     417      -0.105  
 -458     442      -0.065  
 -458     467      -0.035  
 -458     492      -0.015  
 -458     517      -0.005  
 -458     542      -0.005  
 -458     567      -0.005  
 -458     592      -0.015  
 -458     617      -0.025  
 -458     642      -0.025  
 -458     667      -0.025  
 -458     692      -0.015  
 -458     717      -0.015  
 -458     742      -0.035  
 -458     767      -0.045  
 -458     792      -0.055  
 -458     817      -0.065  
 -458     842      -0.065  
 -458     867      -0.075  
 -458     892      -0.085  
 -458     917      -0.095  
 -458     942      -0.105  
 -458     967      -0.125  
 -433     392      -0.115  
 -433     417      -0.065  
 -433     442      -0.035  
 -433     467      -0.025  
 -433     492      -0.015  
 -433     517      -0.005  
 -433     542      -0.005  
 -433     567      -0.015  
 -433     592      -0.025  
 -433     617      -0.055  
 -433     642      -0.035  
 -433     667      -0.025  
 -433     692      -0.005  
 -433     717      -0.015  
 -433     742      -0.025  
 -433     767      -0.025  
 -433     792      -0.035  
 -433     817      -0.065  
 -433     842      -0.095  
 -433     867      -0.115  
 -408     367      -0.125  
 -408     392      -0.075  
 -408     417      -0.045  
 -408     442      -0.025  
 -408     467      -0.015  
 -408     492      -0.005  
 -408     517      -0.005  
 -408     542      -0.015  
 -408     567      -0.025  
 -408     592      -0.045  
 -408     617      -0.025  
 -408     642      -0.015  
 -408     667      -0.015  
 -408     692      -0.005  
 -408     717      -0.005  
 -408     742      -0.015  
 -408     767      -0.015  
 -408     792      -0.025  
 -408     817      -0.035  
 -408     842      -0.045  
 -408     867      -0.055  
 -408     892      -0.065  
 -408     917      -0.075  
 -408     942      -0.095  
 -408     967      -0.115  
 -383     367      -0.085  
 -383     392      -0.055  
 -383     417      -0.025  
 -383     442      -0.015  
 -383     467      -0.005  
 -383     492      -0.005  
 -383     517      -0.015  
 -383     542      -0.025  
 -383     567      -0.035  
 -383     592      -0.025  
 -383     617      -0.015  
 -383     642      -0.005  
 -383     667      -0.005  
 -383     692      -0.005  
 -383     717      -0.005  
 -383     742      -0.005  
 -383     767      -0.005  
 -383     792      -0.005  
 -383     817      -0.015  
 -383     842      -0.015  
 -383     867      -0.015  
 -383     892      -0.025  
 -383     917      -0.035  
 -383     942      -0.045  
 -383     967      -0.055  
 -383     992      -0.065  
 -383     1.02e+03 -0.075  
 -383     1.04e+03 -0.095  
 -383     1.07e+03 -0.115  
 -358     342      -0.095  
 -358     367      -0.055  
 -358     392      -0.035  
 -358     417      -0.015  
 -358     442      -0.005  
 -358     467      -0.005  
 -358     492      -0.005  
 -358     517      -0.005  
 -358     542      -0.015  
 -358     567      -0.015  
 -358     592      -0.015  
 -358     617      -0.005  
 -358     642      -0.005  
 -358     667      -0.005  
 -358     692      -0.015  
 -358     717      -0.015  
 -358     742      -0.005  
 -358     767      -0.005  
 -358     792      -0.005  
 -358     817      -0.005  
 -358     842      -0.005  
 -358     867      -0.005  
 -358     892      -0.005  
 -358     917      -0.015  
 -358     942      -0.015  
 -358     967      -0.015  
 -358     992      -0.025  
 -358     1.02e+03 -0.035  
 -358     1.04e+03 -0.045  
 -358     1.07e+03 -0.055  
 -358     1.09e+03 -0.065  
 -358     1.12e+03 -0.075  
 -358     1.14e+03 -0.105  
 -358     1.17e+03 -0.095  
 -358     1.19e+03 -0.095  
 -358     1.22e+03 -0.115  
 -333     -158     -0.125  
 -333     -133     -0.125  
 -333     -108     -0.115  
 -333     -83      -0.125  
 -333     -58      -0.125  
 -333     317      -0.105  
 -333     342      -0.065  
 -333     367      -0.035  
 -333     392      -0.015  
 -333     417      -0.005  
 -333     442      -0.005  
 -333     467      -0.005  
 -333     492      -0.005  
 -333     517      -0.015  
 -333     542      -0.015  
 -333     567      -0.005  
 -333     592      -0.005  
 -333     617      -0.005  
 -333     642      -0.005  
 -333     667      -0.015  
 -333     692      -0.025  
 -333     717      -0.025  
 -333     742      -0.005  
 -333     767      -0.005  
 -333     792      -0.015  
 -333     817      -0.015  
 -333     842      -0.005  
 -333     867      -0.005  
 -333     892      -0.005  
 -333     917      -0.005  
 -333     942      -0.005  
 -333     967      -0.005  
 -333     992      -0.005  
 -333     1.02e+03 -0.015  
 -333     1.04e+03 -0.015  
 -333     1.07e+03 -0.015  
 -333     1.09e+03 -0.025  
 -333     1.12e+03 -0.035  
 -333     1.14e+03 -0.045  
 -333     1.17e+03 -0.055  
 -333     1.19e+03 -0.065  
 -333     1.22e+03 -0.085  
 -333     1.24e+03 -0.105  
 -308     -208     -0.125  
 -308     -183     -0.115  
 -308     -158     -0.105  
 -308     -133     -0.105  
 -308     -108     -0.095  
 -308     -83      -0.095  
 -308     -58      -0.105  
 -308     -33      -0.115  
 -308     -8       -0.125  
 -308     267      -0.115  
 -308     292      -0.085  
 -308     317      -0.055  
 -308     342      -0.035  
 -308     367      -0.025  
 -308     392      -0.015  
 -308     417      -0.005  
 -308     442      -0.005  
 -308     467      -0.005  
 -308     492      -0.015  
 -308     517      -0.015  
 -308     542      -0.005  
 -308     567      -0.005  
 -308     592      -0.005  
 -308     617      -0.015  
 -308     642      -0.025  
 -308     667      -0.035  
 -308     692      -0.055  
 -308     717      -0.025  
 -308     742      -0.015  
 -308     767      -0.005  
 -308     792      -0.005  
 -308     817      -0.025  
 -308     842      -0.025  
 -308     867      -0.025  
 -308     892      -0.015  
 -308     917      -0.015  
 -308     942      -0.005  
 -308     967      -0.005  
 -308     992      -0.005  
 -308     1.02e+03 -0.005  
 -308     1.04e+03 -0.005  
 -308     1.07e+03 -0.005  
 -308     1.09e+03 -0.005  
 -308     1.12e+03 -0.015  
 -308     1.14e+03 -0.015  
 -308     1.17e+03 -0.035  
 -308     1.19e+03 -0.035  
 -308     1.22e+03 -0.055  
 -308     1.24e+03 -0.075  
 -308     1.27e+03 -0.115  
 -278     -233     -0.125  
 -278     -208     -0.105  
 -278     -183     -0.095  
 -278     -158     -0.085  
 -278     -133     -0.075  
 -278     -108     -0.075  
 -278     -83      -0.075  
 -278     -58      -0.085  
 -278     -33      -0.085  
 -278     -8       -0.095  
 -278     17       -0.115  
 -278     217      -0.115  
 -278     242      -0.085  
 -278     267      -0.055  
 -278     292      -0.035  
 -278     317      -0.025  
 -278     342      -0.015  
 -278     367      -0.005  
 -278     392      -0.005  
 -278     417      -0.005  
 -278     442      -0.015  
 -278     467      -0.015  
 -278     492      -0.005  
 -278     517      -0.005  
 -278     542      -0.005  
 -278     567      -0.015  
 -278     592      -0.015  
 -278     617      -0.025  
 -278     642      -0.025  
 -278     667      -0.025  
 -278     692      -0.035  
 -278     717      -0.035  
 -278     742      -0.015  
 -278     767      -0.005  
 -278     792      -0.005  
 -278     817      -0.015  
 -278     842      -0.035  
 -278     867      -0.065  
 -278     892      -0.055  
 -278     917      -0.045  
 -278     942      -0.035  
 -278     967      -0.025  
 -278     992      -0.015  
 -278     1.02e+03 -0.015  
 -278     1.04e+03 -0.015  
 -278     1.07e+03 -0.005  
 -278     1.09e+03 -0.005  
 -278     1.12e+03 -0.005  
 -278     1.14e+03 -0.005  
 -278     1.17e+03 -0.005  
 -278     1.19e+03 -0.015  
 -278     1.22e+03 -0.035  
 -278     1.24e+03 -0.065  
 -278     1.27e+03 -0.095  
 -253     -233     -0.115  
 -253     -208     -0.095  
 -253     -183     -0.075  
 -253     -158     -0.065  
 -253     -133     -0.065  
 -253     -108     -0.055  
 -253     -83      -0.055  
 -253     -58      -0.065  
 -253     -33      -0.075  
 -253     -8       -0.085  
 -253     17       -0.095  
 -253     42       -0.125  
 -253     192      -0.105  
 -253     217      -0.075  
 -253     242      -0.045  
 -253     267      -0.035  
 -253     292      -0.015  
 -253     317      -0.015  
 -253     342      -0.005  
 -253     367      -0.005  
 -253     392      -0.005  
 -253     417      -0.005  
 -253     442      -0.005  
 -253     467      -0.005  
 -253     492      -0.005  
 -253     517      -0.005  
 -253     542      -0.005  
 -253     567      -0.005  
 -253     592      -0.005  
 -253     617      -0.005  
 -253     642      -0.005  
 -253     667      -0.005  
 -253     692      -0.015  
 -253     717      -0.015  
 -253     742      -0.015  
 -253     767      -0.005  
 -253     792      -0.005  
 -253     817      -0.015  
 -253     842      -0.035  
 -253     867      -0.035  
 -253     892      -0.035  
 -253     917      -0.035  
 -253     942      -0.035  
 -253     967      -0.035  
 -253     992      -0.035  
 -253     1.02e+03 -0.035  
 -253     1.04e+03 -0.035  
 -253     1.07e+03 -0.025  
 -253     1.09e+03 -0.015  
 -253     1.12e+03 -0.015  
 -253     1.14e+03 -0.005  
 -253     1.17e+03 -0.005  
 -253     1.19e+03 -0.025  
 -253     1.22e+03 -0.045  
 -253     1.24e+03 -0.065  
 -253     1.27e+03 -0.095  
 -228     -258     -0.125  
 -228     -233     -0.095  
 -228     -208     -0.075  
 -228     -183     -0.065  
 -228     -158     -0.055  
 -228     -133     -0.045  
 -228     -108     -0.045  
 -228     -83      -0.045  
 -228     -58      -0.045  
 -228     -33      -0.055  
 -228     -8       -0.065  
 -228     17       -0.085  
 -228     42       -0.105  
 -228     67       -0.115  
 -228     92       -0.095  
 -228     117      -0.095  
 -228     142      -0.115  
 -228     167      -0.085  
 -228     192      -0.055  
 -228     217      -0.035  
 -228     242      -0.025  
 -228     267      -0.015  
 -228     292      -0.005  
 -228     317      -0.005  
 -228     342      -0.005  
 -228     367      -0.005  
 -228     392      -0.005  
 -228     417      -0.005  
 -228     442      -0.005  
 -228     467      -0.005  
 -228     492      -0.005  
 -228     517      -0.005  
 -228     542      -0.005  
 -228     567      -0.005  
 -228     592      -0.005  
 -228     617      -0.005  
 -228     642      -0.005  
 -228     667      -0.005  
 -228     692      -0.005  
 -228     717      -0.005  
 -228     742      -0.005  
 -228     767      -0.005  
 -228     792      -0.005  
 -228     817      -0.015  
 -228     842      -0.015  
 -228     867      -0.015  
 -228     892      -0.015  
 -228     917      -0.015  
 -228     942      -0.015  
 -228     967      -0.015  
 -228     992      -0.015  
 -228     1.02e+03 -0.015  
 -228     1.04e+03 -0.015  
 -228     1.07e+03 -0.015  
 -228     1.09e+03 -0.015  
 -228     1.12e+03 -0.005  
 -228     1.14e+03 -0.005  
 -228     1.17e+03 -0.025  
 -228     1.19e+03 -0.035  
 -228     1.22e+03 -0.055  
 -228     1.24e+03 -0.075  
 -228     1.27e+03 -0.105  
 -203     -258     -0.115  
 -203     -233     -0.085  
 -203     -208     -0.065  
 -203     -183     -0.055  
 -203     -158     -0.045  
 -203     -133     -0.035  
 -203     -108     -0.035  
 -203     -83      -0.035  
 -203     -58      -0.035  
 -203     -33      -0.045  
 -203     -8       -0.055  
 -203     17       -0.075  
 -203     42       -0.095  
 -203     67       -0.075  
 -203     92       -0.065  
 -203     117      -0.065  
 -203     142      -0.075  
 -203     167      -0.045  
 -203     192      -0.035  
 -203     217      -0.015  
 -203     242      -0.015  
 -203     267      -0.005  
 -203     292      -0.005  
 -203     317      -0.005  
 -203     342      -0.005  
 -203     367      -0.005  
 -203     392      -0.005  
 -203     417      -0.005  
 -203     442      -0.005  
 -203     467      -0.005  
 -203     492      -0.015  
 -203     517      -0.015  
 -203     542      -0.005  
 -203     567      -0.015  
 -203     592      -0.025  
 -203     617      -0.015  
 -203     642      -0.015  
 -203     667      -0.015  
 -203     692      -0.015  
 -203     717      -0.015  
 -203     742      -0.015  
 -203     767      -0.015  
 -203     792      -0.005  
 -203     817      -0.005  
 -203     842      -0.005  
 -203     867      -0.005  
 -203     892      -0.005  
 -203     917      -0.005  
 -203     942      -0.005  
 -203     967      -0.005  
 -203     992      -0.005  
 -203     1.02e+03 -0.005  
 -203     1.04e+03 -0.005  
 -203     1.07e+03 -0.005  
 -203     1.09e+03 -0.005  
 -203     1.12e+03 -0.005  
 -203     1.14e+03 -0.005  
 -203     1.17e+03 -0.015  
 -203     1.19e+03 -0.035  
 -203     1.22e+03 -0.065  
 -203     1.24e+03 -0.095  
 -178     -258     -0.115  
 -178     -233     -0.085  
 -178     -208     -0.065  
 -178     -183     -0.045  
 -178     -158     -0.035  
 -178     -133     -0.025  
 -178     -108     -0.025  
 -178     -83      -0.025  
 -178     -58      -0.025  
 -178     -33      -0.035  
 -178     -8       -0.055  
 -178     17       -0.065  
 -178     42       -0.055  
 -178     67       -0.045  
 -178     92       -0.035  
 -178     117      -0.035  
 -178     142      -0.035  
 -178     167      -0.025  
 -178     192      -0.015  
 -178     217      -0.005  
 -178     242      -0.005  
 -178     267      -0.005  
 -178     292      -0.005  
 -178     317      -0.005  
 -178     342      -0.005  
 -178     367      -0.005  
 -178     392      -0.005  
 -178     417      -0.015  
 -178     442      -0.015  
 -178     467      -0.025  
 -178     492      -0.035  
 -178     517      -0.035  
 -178     542      -0.015  
 -178     567      -0.015  
 -178     592      -0.025  
 -178     617      -0.055  
 -178     642      -0.045  
 -178     667      -0.045  
 -178     692      -0.035  
 -178     717      -0.055  
 -178     742      -0.025  
 -178     767      -0.015  
 -178     792      -0.005  
 -178     817      -0.005  
 -178     842      -0.005  
 -178     867      -0.005  
 -178     892      -0.005  
 -178     917      -0.005  
 -178     942      -0.005  
 -178     967      -0.005  
 -178     992      -0.015  
 -178     1.02e+03 -0.015  
 -178     1.04e+03 -0.015  
 -178     1.07e+03 -0.005  
 -178     1.09e+03 -0.005  
 -178     1.12e+03 -0.015  
 -178     1.14e+03 -0.015  
 -178     1.17e+03 -0.025  
 -178     1.19e+03 -0.045  
 -178     1.22e+03 -0.065  
 -178     1.24e+03 -0.095  
 -153     -258     -0.125  
 -153     -233     -0.085  
 -153     -208     -0.055  
 -153     -183     -0.035  
 -153     -158     -0.025  
 -153     -133     -0.015  
 -153     -108     -0.015  
 -153     -83      -0.015  
 -153     -58      -0.015  
 -153     -33      -0.025  
 -153     -8       -0.045  
 -153     17       -0.035  
 -153     42       -0.035  
 -153     67       -0.025  
 -153     92       -0.025  
 -153     117      -0.015  
 -153     142      -0.015  
 -153     167      -0.015  
 -153     192      -0.005  
 -153     217      -0.005  
 -153     242      -0.005  
 -153     267      -0.005  
 -153     292      -0.005  
 -153     317      -0.005  
 -153     342      -0.015  
 -153     367      -0.015  
 -153     392      -0.015  
 -153     417      -0.025  
 -153     442      -0.035  
 -153     467      -0.045  
 -153     492      -0.065  
 -153     517      -0.045  
 -153     542      -0.025  
 -153     567      -0.025  
 -153     592      -0.035  
 -153     617      -0.055  
 -153     642      -0.085  
 -153     667      -0.095  
 -153     692      -0.085  
 -153     717      -0.055  
 -153     742      -0.035  
 -153     767      -0.025  
 -153     792      -0.015  
 -153     817      -0.025  
 -153     842      -0.015  
 -153     867      -0.015  
 -153     892      -0.015  
 -153     917      -0.005  
 -153     942      -0.005  
 -153     967      -0.005  
 -153     992      -0.005  
 -153     1.02e+03 -0.005  
 -153     1.04e+03 -0.005  
 -153     1.07e+03 -0.005  
 -153     1.09e+03 -0.015  
 -153     1.12e+03 -0.025  
 -153     1.14e+03 -0.045  
 -153     1.17e+03 -0.045  
 -153     1.19e+03 -0.055  
 -153     1.22e+03 -0.085  
 -153     1.24e+03 -0.115  
 -128     -233     -0.095  
 -128     -208     -0.065  
 -128     -183     -0.035  
 -128     -158     -0.025  
 -128     -133     -0.015  
 -128     -108     -0.005  
 -128     -83      -0.005  
 -128     -58      -0.015  
 -128     -33      -0.025  
 -128     -8       -0.025  
 -128     17       -0.025  
 -128     42       -0.015  
 -128     67       -0.015  
 -128     92       -0.015  
 -128     117      -0.005  
 -128     142      -0.005  
 -128     167      -0.005  
 -128     192      -0.005  
 -128     217      -0.005  
 -128     242      -0.005  
 -128     267      -0.005  
 -128     292      -0.005  
 -128     317      -0.005  
 -128     342      -0.015  
 -128     367      -0.035  
 -128     392      -0.035  
 -128     417      -0.045  
 -128     442      -0.065  
 -128     467      -0.085  
 -128     492      -0.115  
 -128     517      -0.065  
 -128     542      -0.045  
 -128     567      -0.045  
 -128     592      -0.055  
 -128     617      -0.075  
 -128     642      -0.105  
 -128     692      -0.095  
 -128     717      -0.065  
 -128     742      -0.045  
 -128     767      -0.035  
 -128     792      -0.035  
 -128     817      -0.045  
 -128     842      -0.045  
 -128     867      -0.045  
 -128     892      -0.035  
 -128     917      -0.025  
 -128     942      -0.015  
 -128     967      -0.015  
 -128     992      -0.015  
 -128     1.02e+03 -0.005  
 -128     1.04e+03 -0.005  
 -128     1.07e+03 -0.005  
 -128     1.09e+03 -0.025  
 -128     1.12e+03 -0.045  
 -128     1.14e+03 -0.085  
 -128     1.17e+03 -0.085  
 -128     1.19e+03 -0.095  
 -128     1.22e+03 -0.115  
 -103     -233     -0.115  
 -103     -208     -0.085  
 -103     -183     -0.045  
 -103     -158     -0.025  
 -103     -133     -0.015  
 -103     -108     -0.005  
 -103     -83      -0.005  
 -103     -58      -0.015  
 -103     -33      -0.015  
 -103     -8       -0.015  
 -103     17       -0.015  
 -103     42       -0.005  
 -103     67       -0.005  
 -103     92       -0.005  
 -103     117      -0.005  
 -103     142      -0.005  
 -103     167      -0.005  
 -103     192      -0.015  
 -103     217      -0.015  
 -103     242      -0.005  
 -103     267      -0.005  
 -103     292      -0.005  
 -103     317      -0.015  
 -103     342      -0.035  
 -103     367      -0.055  
 -103     392      -0.065  
 -103     417      -0.075  
 -103     442      -0.095  
 -103     517      -0.095  
 -103     542      -0.075  
 -103     567      -0.075  
 -103     592      -0.075  
 -103     617      -0.095  
 -103     642      -0.125  
 -103     667      -0.125  
 -103     692      -0.115  
 -103     717      -0.085  
 -103     742      -0.065  
 -103     767      -0.055  
 -103     792      -0.055  
 -103     817      -0.065  
 -103     842      -0.095  
 -103     867      -0.095  
 -103     892      -0.075  
 -103     917      -0.065  
 -103     942      -0.045  
 -103     967      -0.025  
 -103     992      -0.005  
 -103     1.02e+03 -0.005  
 -103     1.04e+03 -0.005  
 -103     1.07e+03 -0.025  
 -103     1.09e+03 -0.045  
 -103     1.12e+03 -0.085  
 -78      -233     -0.115  
 -78      -208     -0.085  
 -78      -183     -0.055  
 -78      -158     -0.035  
 -78      -133     -0.015  
 -78      -108     -0.005  
 -78      -83      -0.005  
 -78      -58      -0.005  
 -78      -33      -0.005  
 -78      -8       -0.005  
 -78      17       -0.005  
 -78      42       -0.005  
 -78      67       -0.005  
 -78      92       -0.005  
 -78      117      -0.005  
 -78      142      -0.005  
 -78      167      -0.005  
 -78      192      -0.005  
 -78      217      -0.015  
 -78      242      -0.005  
 -78      267      -0.005  
 -78      292      -0.015  
 -78      317      -0.025  
 -78      342      -0.055  
 -78      367      -0.075  
 -78      392      -0.095  
 -78      417      -0.095  
 -78      442      -0.085  
 -78      467      -0.085  
 -78      492      -0.085  
 -78      517      -0.085  
 -78      542      -0.085  
 -78      567      -0.075  
 -78      592      -0.075  
 -78      617      -0.075  
 -78      642      -0.075  
 -78      667      -0.075  
 -78      692      -0.065  
 -78      717      -0.065  
 -78      742      -0.065  
 -78      767      -0.065  
 -78      792      -0.065  
 -78      817      -0.065  
 -78      842      -0.075  
 -78      867      -0.075  
 -78      892      -0.055  
 -78      917      -0.045  
 -78      942      -0.025  
 -78      967      -0.005  
 -78      992      -0.005  
 -78      1.02e+03 -0.005  
 -78      1.04e+03 -0.015  
 -78      1.07e+03 -0.035  
 -78      1.09e+03 -0.075  
 -53      -233     -0.105  
 -53      -208     -0.075  
 -53      -183     -0.045  
 -53      -158     -0.025  
 -53      -133     -0.015  
 -53      -108     -0.005  
 -53      -83      -0.005  
 -53      -58      -0.005  
 -53      -33      -0.005  
 -53      -8       -0.005  
 -53      17       -0.005  
 -53      42       -0.005  
 -53      67       -0.015  
 -53      92       -0.015  
 -53      117      -0.015  
 -53      142      -0.015  
 -53      167      -0.005  
 -53      192      -0.005  
 -53      217      -0.005  
 -53      242      -0.005  
 -53      267      -0.015  
 -53      292      -0.015  
 -53      317      -0.025  
 -53      342      -0.035  
 -53      367      -0.045  
 -53      392      -0.055  
 -53      417      -0.055  
 -53      442      -0.045  
 -53      467      -0.045  
 -53      492      -0.045  
 -53      517      -0.045  
 -53      542      -0.045  
 -53      567      -0.045  
 -53      592      -0.045  
 -53      617      -0.035  
 -53      642      -0.035  
 -53      667      -0.035  
 -53      692      -0.035  
 -53      717      -0.035  
 -53      742      -0.035  
 -53      767      -0.035  
 -53      792      -0.035  
 -53      817      -0.035  
 -53      842      -0.035  
 -53      867      -0.035  
 -53      892      -0.025  
 -53      917      -0.025  
 -53      942      -0.015  
 -53      967      -0.005  
 -53      992      -0.005  
 -53      1.02e+03 -0.015  
 -53      1.04e+03 -0.035  
 -53      1.07e+03 -0.075  
 -53      1.09e+03 -0.125  
 -28      -258     -0.115  
 -28      -233     -0.085  
 -28      -208     -0.055  
 -28      -183     -0.035  
 -28      -158     -0.025  
 -28      -133     -0.015  
 -28      -108     -0.005  
 -28      -83      -0.005  
 -28      -58      -0.005  
 -28      -33      -0.005  
 -28      -8       -0.015  
 -28      17       -0.015  
 -28      42       -0.015  
 -28      67       -0.025  
 -28      92       -0.035  
 -28      117      -0.035  
 -28      142      -0.025  
 -28      167      -0.015  
 -28      192      -0.005  
 -28      217      -0.005  
 -28      242      -0.005  
 -28      267      -0.025  
 -28      292      -0.005  
 -28      317      -0.005  
 -28      342      -0.015  
 -28      367      -0.025  
 -28      392      -0.025  
 -28      417      -0.025  
 -28      442      -0.025  
 -28      467      -0.025  
 -28      492      -0.025  
 -28      517      -0.025  
 -28      542      -0.025  
 -28      567      -0.025  
 -28      592      -0.015  
 -28      617      -0.015  
 -28      642      -0.015  
 -28      667      -0.015  
 -28      692      -0.015  
 -28      717      -0.015  
 -28      742      -0.015  
 -28      767      -0.015  
 -28      792      -0.015  
 -28      817      -0.015  
 -28      842      -0.015  
 -28      867      -0.015  
 -28      892      -0.015  
 -28      917      -0.015  
 -28      942      -0.005  
 -28      967      -0.005  
 -28      992      -0.015  
 -28      1.02e+03 -0.035  
 -28      1.04e+03 -0.065  
 -28      1.07e+03 -0.125  
 -28      1.24e+03 -0.125  
 -28      1.27e+03 -0.125  
 -3       -258     -0.105  
 -3       -233     -0.075  
 -3       -208     -0.055  
 -3       -183     -0.035  
 -3       -158     -0.015  
 -3       -133     -0.015  
 -3       -108     -0.005  
 -3       -83      -0.005  
 -3       -58      -0.005  
 -3       -33      -0.005  
 -3       -8       -0.005  
 -3       17       -0.005  
 -3       42       -0.015  
 -3       67       -0.015  
 -3       92       -0.015  
 -3       117      -0.015  
 -3       142      -0.015  
 -3       167      -0.005  
 -3       192      -0.005  
 -3       217      -0.005  
 -3       242      -0.015  
 -3       267      -0.005  
 -3       292      -0.005  
 -3       317      -0.005  
 -3       342      -0.005  
 -3       367      -0.005  
 -3       392      -0.015  
 -3       417      -0.015  
 -3       442      -0.015  
 -3       467      -0.015  
 -3       492      -0.015  
 -3       517      -0.015  
 -3       542      -0.005  
 -3       567      -0.005  
 -3       592      -0.005  
 -3       617      -0.005  
 -3       642      -0.005  
 -3       667      -0.005  
 -3       692      -0.005  
 -3       717      -0.005  
 -3       742      -0.005  
 -3       767      -0.005  
 -3       792      -0.005  
 -3       817      -0.005  
 -3       842      -0.005  
 -3       867      -0.005  
 -3       892      -0.005  
 -3       917      -0.005  
 -3       942      -0.005  
 -3       967      -0.015  
 -3       992      -0.025  
 -3       1.02e+03 -0.065  
 -3       1.04e+03 -0.095  
 -3       1.07e+03 -0.125  
 -3       1.14e+03 -0.125  
 -3       1.22e+03 -0.085  
 -3       1.24e+03 -0.075  
 -3       1.27e+03 -0.085  
 -3       1.29e+03 -0.105  
 22       -283     -0.125  
 22       -258     -0.095  
 22       -233     -0.075  
 22       -208     -0.045  
 22       -183     -0.035  
 22       -158     -0.025  
 22       -133     -0.015  
 22       -108     -0.005  
 22       -83      -0.005  
 22       -58      -0.005  
 22       -33      -0.005  
 22       -8       -0.005  
 22       17       -0.005  
 22       42       -0.005  
 22       67       -0.005  
 22       92       -0.005  
 22       117      -0.005  
 22       142      -0.005  
 22       167      -0.005  
 22       192      -0.005  
 22       217      -0.005  
 22       242      -0.005  
 22       267      -0.005  
 22       292      -0.005  
 22       317      -0.005  
 22       342      -0.005  
 22       367      -0.005  
 22       392      -0.005  
 22       417      -0.005  
 22       442      -0.005  
 22       467      -0.005  
 22       492      -0.005  
 22       517      -0.005  
 22       542      -0.005  
 22       567      -0.005  
 22       592      -0.005  
 22       617      -0.005  
 22       642      -0.005  
 22       667      -0.005  
 22       692      -0.005  
 22       717      -0.005  
 22       742      -0.005  
 22       767      -0.005  
 22       792      -0.005  
 22       817      -0.005  
 22       842      -0.005  
 22       867      -0.005  
 22       892      -0.005  
 22       917      -0.005  
 22       942      -0.015  
 22       967      -0.025  
 22       992      -0.045  
 22       1.02e+03 -0.075  
 22       1.04e+03 -0.095  
 22       1.07e+03 -0.095  
 22       1.09e+03 -0.085  
 22       1.12e+03 -0.065  
 22       1.14e+03 -0.055  
 22       1.17e+03 -0.055  
 22       1.19e+03 -0.065  
 22       1.22e+03 -0.035  
 22       1.24e+03 -0.045  
 22       1.27e+03 -0.055  
 22       1.29e+03 -0.075  
 22       1.32e+03 -0.115  
 47       -258     -0.105  
 47       -233     -0.075  
 47       -208     -0.055  
 47       -183     -0.035  
 47       -158     -0.025  
 47       -133     -0.015  
 47       -108     -0.005  
 47       -83      -0.005  
 47       -58      -0.005  
 47       -33      -0.005  
 47       -8       -0.005  
 47       17       -0.005  
 47       42       -0.005  
 47       67       -0.005  
 47       92       -0.005  
 47       117      -0.005  
 47       142      -0.005  
 47       167      -0.005  
 47       192      -0.005  
 47       217      -0.005  
 47       242      -0.005  
 47       267      -0.005  
 47       292      -0.005  
 47       317      -0.005  
 47       342      -0.005  
 47       367      -0.005  
 47       392      -0.005  
 47       417      -0.005  
 47       442      -0.005  
 47       467      -0.005  
 47       492      -0.005  
 47       517      -0.005  
 47       542      -0.005  
 47       567      -0.005  
 47       592      -0.015  
 47       617      -0.015  
 47       642      -0.015  
 47       667      -0.015  
 47       692      -0.015  
 47       717      -0.015  
 47       742      -0.015  
 47       767      -0.015  
 47       792      -0.015  
 47       817      -0.015  
 47       842      -0.015  
 47       867      -0.005  
 47       892      -0.005  
 47       917      -0.015  
 47       942      -0.025  
 47       967      -0.045  
 47       992      -0.065  
 47       1.02e+03 -0.065  
 47       1.04e+03 -0.055  
 47       1.07e+03 -0.045  
 47       1.09e+03 -0.035  
 47       1.12e+03 -0.025  
 47       1.14e+03 -0.025  
 47       1.17e+03 -0.015  
 47       1.19e+03 -0.025  
 47       1.22e+03 -0.015  
 47       1.24e+03 -0.025  
 47       1.27e+03 -0.045  
 47       1.29e+03 -0.065  
 47       1.32e+03 -0.095  
 72       -258     -0.105  
 72       -233     -0.085  
 72       -208     -0.055  
 72       -183     -0.025  
 72       -158     -0.015  
 72       -133     -0.005  
 72       -108     -0.005  
 72       -83      -0.015  
 72       -58      -0.005  
 72       -33      -0.005  
 72       -8       -0.015  
 72       17       -0.015  
 72       42       -0.015  
 72       67       -0.015  
 72       92       -0.015  
 72       117      -0.005  
 72       142      -0.005  
 72       167      -0.005  
 72       192      -0.005  
 72       217      -0.005  
 72       242      -0.015  
 72       267      -0.015  
 72       292      -0.015  
 72       317      -0.015  
 72       342      -0.015  
 72       367      -0.015  
 72       392      -0.015  
 72       417      -0.015  
 72       442      -0.005  
 72       467      -0.005  
 72       492      -0.005  
 72       517      -0.005  
 72       542      -0.005  
 72       567      -0.015  
 72       592      -0.015  
 72       617      -0.025  
 72       642      -0.025  
 72       667      -0.025  
 72       692      -0.015  
 72       717      -0.005  
 72       742      -0.005  
 72       767      -0.025  
 72       792      -0.025  
 72       817      -0.015  
 72       842      -0.005  
 72       867      -0.005  
 72       892      -0.005  
 72       917      -0.015  
 72       942      -0.035  
 72       967      -0.045  
 72       992      -0.035  
 72       1.02e+03 -0.025  
 72       1.04e+03 -0.025  
 72       1.07e+03 -0.015  
 72       1.09e+03 -0.015  
 72       1.12e+03 -0.015  
 72       1.14e+03 -0.005  
 72       1.17e+03 -0.005  
 72       1.19e+03 -0.005  
 72       1.22e+03 -0.005  
 72       1.24e+03 -0.015  
 72       1.27e+03 -0.035  
 72       1.29e+03 -0.065  
 72       1.32e+03 -0.095  
 97       -283     -0.125  
 97       -258     -0.085  
 97       -233     -0.055  
 97       -208     -0.035  
 97       -183     -0.015  
 97       -158     -0.005  
 97       -133     -0.005  
 97       -108     -0.015  
 97       -83      -0.005  
 97       -58      -0.005  
 97       -33      -0.005  
 97       -8       -0.015  
 97       17       -0.025  
 97       42       -0.025  
 97       67       -0.025  
 97       92       -0.025  
 97       117      -0.015  
 97       142      -0.005  
 97       167      -0.005  
 97       192      -0.015  
 97       217      -0.025  
 97       242      -0.025  
 97       267      -0.025  
 97       292      -0.025  
 97       317      -0.025  
 97       342      -0.025  
 97       367      -0.025  
 97       392      -0.025  
 97       417      -0.025  
 97       442      -0.015  
 97       467      -0.015  
 97       492      -0.005  
 97       517      -0.005  
 97       542      -0.005  
 97       567      -0.005  
 97       592      -0.005  
 97       617      -0.015  
 97       642      -0.015  
 97       667      -0.005  
 97       692      -0.005  
 97       717      -0.005  
 97       742      -0.025  
 97       767      -0.025  
 97       792      -0.015  
 97       817      -0.005  
 97       842      -0.005  
 97       867      -0.005  
 97       892      -0.015  
 97       917      -0.025  
 97       942      -0.025  
 97       967      -0.015  
 97       992      -0.015  
 97       1.02e+03 -0.015  
 97       1.04e+03 -0.005  
 97       1.07e+03 -0.005  
 97       1.09e+03 -0.005  
 97       1.12e+03 -0.005  
 97       1.14e+03 -0.005  
 97       1.17e+03 -0.005  
 97       1.19e+03 -0.015  
 97       1.22e+03 -0.015  
 97       1.24e+03 -0.025  
 97       1.27e+03 -0.045  
 97       1.29e+03 -0.065  
 97       1.32e+03 -0.105  
 122      -283     -0.095  
 122      -258     -0.065  
 122      -233     -0.035  
 122      -208     -0.015  
 122      -183     -0.005  
 122      -158     -0.005  
 122      -133     -0.015  
 122      -108     -0.015  
 122      -83      -0.005  
 122      -58      -0.005  
 122      -33      -0.005  
 122      -8       -0.005  
 122      17       -0.015  
 122      42       -0.035  
 122      67       -0.035  
 122      92       -0.035  
 122      117      -0.015  
 122      142      -0.005  
 122      167      -0.005  
 122      192      -0.015  
 122      217      -0.035  
 122      242      -0.045  
 122      267      -0.045  
 122      292      -0.045  
 122      317      -0.045  
 122      342      -0.055  
 122      367      -0.055  
 122      392      -0.055  
 122      417      -0.045  
 122      442      -0.035  
 122      467      -0.025  
 122      492      -0.015  
 122      517      -0.015  
 122      542      -0.005  
 122      567      -0.005  
 122      592      -0.005  
 122      617      -0.005  
 122      642      -0.005  
 122      667      -0.005  
 122      692      -0.005  
 122      717      -0.005  
 122      742      -0.015  
 122      767      -0.015  
 122      792      -0.005  
 122      817      -0.005  
 122      842      -0.005  
 122      867      -0.015  
 122      892      -0.015  
 122      917      -0.005  
 122      942      -0.005  
 122      967      -0.005  
 122      992      -0.005  
 122      1.02e+03 -0.005  
 122      1.04e+03 -0.005  
 122      1.07e+03 -0.005  
 122      1.09e+03 -0.005  
 122      1.12e+03 -0.005  
 122      1.14e+03 -0.005  
 122      1.17e+03 -0.005  
 122      1.19e+03 -0.005  
 122      1.22e+03 -0.005  
 122      1.24e+03 -0.015  
 122      1.27e+03 -0.035  
 122      1.29e+03 -0.065  
 122      1.32e+03 -0.095  
 147      -308     -0.125  
 147      -283     -0.085  
 147      -258     -0.055  
 147      -233     -0.035  
 147      -208     -0.015  
 147      -183     -0.005  
 147      -158     -0.015  
 147      -133     -0.015  
 147      -108     -0.015  
 147      -83      -0.005  
 147      -58      -0.005  
 147      -33      -0.005  
 147      -8       -0.005  
 147      17       -0.015  
 147      42       -0.025  
 147      67       -0.015  
 147      92       -0.025  
 147      117      -0.015  
 147      142      -0.005  
 147      167      -0.005  
 147      192      -0.015  
 147      217      -0.035  
 147      242      -0.065  
 147      267      -0.075  
 147      292      -0.075  
 147      317      -0.085  
 147      342      -0.085  
 147      367      -0.095  
 147      392      -0.095  
 147      417      -0.095  
 147      442      -0.075  
 147      467      -0.055  
 147      492      -0.035  
 147      517      -0.025  
 147      542      -0.015  
 147      567      -0.015  
 147      592      -0.005  
 147      617      -0.005  
 147      642      -0.005  
 147      667      -0.005  
 147      692      -0.005  
 147      717      -0.005  
 147      742      -0.005  
 147      767      -0.005  
 147      792      -0.005  
 147      817      -0.005  
 147      842      -0.005  
 147      867      -0.005  
 147      892      -0.005  
 147      917      -0.005  
 147      942      -0.005  
 147      967      -0.005  
 147      992      -0.005  
 147      1.02e+03 -0.005  
 147      1.04e+03 -0.005  
 147      1.07e+03 -0.005  
 147      1.09e+03 -0.005  
 147      1.12e+03 -0.005  
 147      1.14e+03 -0.005  
 147      1.17e+03 -0.005  
 147      1.19e+03 -0.015  
 147      1.22e+03 -0.015  
 147      1.24e+03 -0.025  
 147      1.27e+03 -0.045  
 147      1.29e+03 -0.065  
 147      1.32e+03 -0.105  
 172      -308     -0.125  
 172      -283     -0.095  
 172      -258     -0.065  
 172      -233     -0.045  
 172      -208     -0.025  
 172      -183     -0.025  
 172      -158     -0.035  
 172      -133     -0.025  
 172      -108     -0.015  
 172      -83      -0.005  
 172      -58      -0.005  
 172      -33      -0.005  
 172      -8       -0.005  
 172      17       -0.005  
 172      42       -0.005  
 172      67       -0.005  
 172      92       -0.015  
 172      117      -0.025  
 172      142      -0.005  
 172      167      -0.005  
 172      192      -0.015  
 172      217      -0.025  
 172      242      -0.065  
 172      267      -0.085  
 172      292      -0.105  
 172      317      -0.125  
 172      442      -0.125  
 172      467      -0.095  
 172      492      -0.075  
 172      517      -0.055  
 172      542      -0.035  
 172      567      -0.025  
 172      592      -0.015  
 172      617      -0.005  
 172      642      -0.005  
 172      667      -0.005  
 172      692      -0.005  
 172      717      -0.005  
 172      742      -0.005  
 172      767      -0.005  
 172      792      -0.005  
 172      817      -0.005  
 172      842      -0.005  
 172      867      -0.005  
 172      892      -0.005  
 172      917      -0.005  
 172      942      -0.005  
 172      967      -0.015  
 172      992      -0.015  
 172      1.02e+03 -0.015  
 172      1.04e+03 -0.015  
 172      1.07e+03 -0.015  
 172      1.09e+03 -0.015  
 172      1.12e+03 -0.025  
 172      1.14e+03 -0.025  
 172      1.17e+03 -0.025  
 172      1.19e+03 -0.035  
 172      1.22e+03 -0.045  
 172      1.24e+03 -0.045  
 172      1.27e+03 -0.065  
 172      1.29e+03 -0.085  
 172      1.32e+03 -0.115  
 203      -283     -0.105  
 203      -258     -0.085  
 203      -233     -0.065  
 203      -208     -0.055  
 203      -183     -0.055  
 203      -158     -0.045  
 203      -133     -0.025  
 203      -108     -0.015  
 203      -83      -0.005  
 203      -58      -0.005  
 203      -33      -0.005  
 203      -8       -0.005  
 203      17       -0.005  
 203      42       -0.005  
 203      67       -0.005  
 203      92       -0.005  
 203      117      -0.015  
 203      142      -0.005  
 203      167      -0.005  
 203      192      -0.015  
 203      217      -0.025  
 203      242      -0.035  
 203      267      -0.045  
 203      292      -0.055  
 203      317      -0.075  
 203      342      -0.095  
 203      367      -0.115  
 203      392      -0.095  
 203      417      -0.085  
 203      442      -0.075  
 203      467      -0.065  
 203      492      -0.065  
 203      517      -0.055  
 203      542      -0.045  
 203      567      -0.035  
 203      592      -0.025  
 203      617      -0.015  
 203      642      -0.015  
 203      667      -0.005  
 203      692      -0.005  
 203      717      -0.005  
 203      742      -0.005  
 203      767      -0.005  
 203      792      -0.005  
 203      817      -0.005  
 203      842      -0.005  
 203      867      -0.005  
 203      892      -0.005  
 203      917      -0.005  
 203      942      -0.015  
 203      967      -0.025  
 203      992      -0.025  
 203      1.02e+03 -0.045  
 203      1.04e+03 -0.055  
 203      1.07e+03 -0.055  
 203      1.09e+03 -0.065  
 203      1.12e+03 -0.075  
 203      1.14e+03 -0.075  
 203      1.17e+03 -0.075  
 203      1.19e+03 -0.085  
 203      1.22e+03 -0.105  
 203      1.24e+03 -0.115  
 203      1.27e+03 -0.115  
 228      -258     -0.105  
 228      -233     -0.085  
 228      -208     -0.085  
 228      -183     -0.075  
 228      -158     -0.055  
 228      -133     -0.035  
 228      -108     -0.015  
 228      -83      -0.005  
 228      -58      -0.005  
 228      -33      -0.005  
 228      -8       -0.005  
 228      17       -0.005  
 228      42       -0.005  
 228      67       -0.005  
 228      92       -0.005  
 228      117      -0.005  
 228      142      -0.005  
 228      167      -0.005  
 228      192      -0.005  
 228      217      -0.015  
 228      242      -0.025  
 228      267      -0.025  
 228      292      -0.035  
 228      317      -0.045  
 228      342      -0.055  
 228      367      -0.065  
 228      392      -0.055  
 228      417      -0.045  
 228      442      -0.045  
 228      467      -0.035  
 228      492      -0.035  
 228      517      -0.025  
 228      542      -0.025  
 228      567      -0.015  
 228      592      -0.015  
 228      617      -0.015  
 228      642      -0.005  
 228      667      -0.005  
 228      692      -0.005  
 228      717      -0.005  
 228      742      -0.005  
 228      767      -0.005  
 228      792      -0.015  
 228      817      -0.015  
 228      842      -0.015  
 228      867      -0.005  
 228      892      -0.005  
 228      917      -0.005  
 228      942      -0.005  
 228      967      -0.005  
 228      992      -0.015  
 228      1.02e+03 -0.015  
 228      1.04e+03 -0.025  
 228      1.07e+03 -0.035  
 228      1.09e+03 -0.035  
 228      1.12e+03 -0.055  
 228      1.14e+03 -0.035  
 228      1.17e+03 -0.045  
 228      1.19e+03 -0.055  
 228      1.22e+03 -0.085  
 228      1.24e+03 -0.115  
 253      -233     -0.125  
 253      -208     -0.115  
 253      -183     -0.105  
 253      -158     -0.065  
 253      -133     -0.035  
 253      -108     -0.015  
 253      -83      -0.005  
 253      -58      -0.005  
 253      -33      -0.015  
 253      -8       -0.005  
 253      17       -0.005  
 253      42       -0.005  
 253      67       -0.005  
 253      92       -0.005  
 253      117      -0.005  
 253      142      -0.005  
 253      167      -0.005  
 253      192      -0.005  
 253      217      -0.005  
 253      242      -0.015  
 253      267      -0.015  
 253      292      -0.015  
 253      317      -0.025  
 253      342      -0.035  
 253      367      -0.035  
 253      392      -0.025  
 253      417      -0.025  
 253      442      -0.025  
 253      467      -0.015  
 253      492      -0.015  
 253      517      -0.015  
 253      542      -0.005  
 253      567      -0.005  
 253      592      -0.005  
 253      617      -0.005  
 253      642      -0.005  
 253      667      -0.005  
 253      692      -0.005  
 253      717      -0.005  
 253      742      -0.005  
 253      767      -0.005  
 253      792      -0.005  
 253      817      -0.005  
 253      842      -0.015  
 253      867      -0.025  
 253      892      -0.015  
 253      917      -0.015  
 253      942      -0.005  
 253      967      -0.005  
 253      992      -0.005  
 253      1.02e+03 -0.005  
 253      1.04e+03 -0.005  
 253      1.07e+03 -0.015  
 253      1.09e+03 -0.015  
 253      1.12e+03 -0.015  
 253      1.14e+03 -0.015  
 253      1.17e+03 -0.025  
 253      1.19e+03 -0.045  
 253      1.22e+03 -0.065  
 253      1.24e+03 -0.095  
 278      -183     -0.115  
 278      -158     -0.075  
 278      -133     -0.035  
 278      -108     -0.015  
 278      -83      -0.005  
 278      -58      -0.005  
 278      -33      -0.025  
 278      -8       -0.015  
 278      17       -0.005  
 278      42       -0.005  
 278      67       -0.005  
 278      92       -0.005  
 278      117      -0.015  
 278      142      -0.005  
 278      167      -0.005  
 278      192      -0.005  
 278      217      -0.005  
 278      242      -0.005  
 278      267      -0.005  
 278      292      -0.005  
 278      317      -0.015  
 278      342      -0.015  
 278      367      -0.015  
 278      392      -0.015  
 278      417      -0.015  
 278      442      -0.015  
 278      467      -0.005  
 278      492      -0.005  
 278      517      -0.005  
 278      542      -0.005  
 278      567      -0.005  
 278      592      -0.005  
 278      617      -0.005  
 278      642      -0.005  
 278      667      -0.005  
 278      692      -0.005  
 278      717      -0.015  
 278      742      -0.015  
 278      767      -0.015  
 278      792      -0.005  
 278      817      -0.005  
 278      842      -0.005  
 278      867      -0.005  
 278      892      -0.005  
 278      917      -0.005  
 278      942      -0.005  
 278      967      -0.005  
 278      992      -0.005  
 278      1.02e+03 -0.005  
 278      1.04e+03 -0.005  
 278      1.07e+03 -0.005  
 278      1.09e+03 -0.005  
 278      1.12e+03 -0.005  
 278      1.14e+03 -0.005  
 278      1.17e+03 -0.015  
 278      1.19e+03 -0.035  
 278      1.22e+03 -0.065  
 278      1.24e+03 -0.095  
 303      -158     -0.085  
 303      -133     -0.045  
 303      -108     -0.025  
 303      -83      -0.005  
 303      -58      -0.015  
 303      -33      -0.025  
 303      -8       -0.015  
 303      17       -0.005  
 303      42       -0.005  
 303      67       -0.005  
 303      92       -0.005  
 303      117      -0.015  
 303      142      -0.015  
 303      167      -0.005  
 303      192      -0.005  
 303      217      -0.005  
 303      242      -0.005  
 303      267      -0.005  
 303      292      -0.005  
 303      317      -0.005  
 303      342      -0.005  
 303      367      -0.005  
 303      392      -0.005  
 303      417      -0.005  
 303      442      -0.005  
 303      467      -0.005  
 303      492      -0.005  
 303      517      -0.005  
 303      542      -0.005  
 303      567      -0.005  
 303      592      -0.005  
 303      617      -0.005  
 303      642      -0.005  
 303      667      -0.005  
 303      692      -0.005  
 303      717      -0.015  
 303      742      -0.025  
 303      767      -0.025  
 303      792      -0.015  
 303      817      -0.005  
 303      842      -0.005  
 303      867      -0.005  
 303      892      -0.005  
 303      917      -0.005  
 303      942      -0.005  
 303      967      -0.005  
 303      992      -0.005  
 303      1.02e+03 -0.005  
 303      1.04e+03 -0.005  
 303      1.07e+03 -0.005  
 303      1.09e+03 -0.005  
 303      1.12e+03 -0.005  
 303      1.14e+03 -0.005  
 303      1.17e+03 -0.015  
 303      1.19e+03 -0.035  
 303      1.22e+03 -0.065  
 303      1.24e+03 -0.085  
 303      1.27e+03 -0.105  
 328      -158     -0.085  
 328      -133     -0.045  
 328      -108     -0.025  
 328      -83      -0.015  
 328      -58      -0.015  
 328      -33      -0.025  
 328      -8       -0.015  
 328      17       -0.005  
 328      42       -0.005  
 328      67       -0.005  
 328      92       -0.005  
 328      117      -0.015  
 328      142      -0.015  
 328      167      -0.005  
 328      192      -0.005  
 328      217      -0.015  
 328      242      -0.015  
 328      267      -0.015  
 328      292      -0.005  
 328      317      -0.005  
 328      342      -0.005  
 328      367      -0.005  
 328      392      -0.005  
 328      417      -0.005  
 328      442      -0.005  
 328      467      -0.005  
 328      492      -0.005  
 328      517      -0.005  
 328      542      -0.005  
 328      567      -0.005  
 328      592      -0.005  
 328      617      -0.005  
 328      642      -0.005  
 328      667      -0.005  
 328      692      -0.005  
 328      717      -0.005  
 328      742      -0.015  
 328      767      -0.025  
 328      792      -0.035  
 328      817      -0.015  
 328      842      -0.015  
 328      867      -0.015  
 328      892      -0.005  
 328      917      -0.005  
 328      942      -0.005  
 328      967      -0.005  
 328      992      -0.005  
 328      1.02e+03 -0.005  
 328      1.04e+03 -0.005  
 328      1.07e+03 -0.015  
 328      1.09e+03 -0.015  
 328      1.12e+03 -0.025  
 328      1.14e+03 -0.015  
 328      1.17e+03 -0.025  
 328      1.19e+03 -0.035  
 328      1.22e+03 -0.035  
 328      1.24e+03 -0.055  
 328      1.27e+03 -0.075  
 328      1.29e+03 -0.115  
 353      -158     -0.085  
 353      -133     -0.055  
 353      -108     -0.035  
 353      -83      -0.025  
 353      -58      -0.025  
 353      -33      -0.035  
 353      -8       -0.025  
 353      17       -0.015  
 353      42       -0.005  
 353      67       -0.005  
 353      92       -0.005  
 353      117      -0.005  
 353      142      -0.025  
 353      167      -0.015  
 353      192      -0.005  
 353      217      -0.005  
 353      242      -0.025  
 353      267      -0.025  
 353      292      -0.015  
 353      317      -0.015  
 353      342      -0.005  
 353      367      -0.005  
 353      392      -0.005  
 353      417      -0.005  
 353      442      -0.015  
 353      467      -0.025  
 353      492      -0.025  
 353      517      -0.015  
 353      542      -0.015  
 353      567      -0.015  
 353      592      -0.015  
 353      617      -0.015  
 353      642      -0.015  
 353      667      -0.015  
 353      692      -0.005  
 353      717      -0.005  
 353      742      -0.005  
 353      767      -0.005  
 353      792      -0.015  
 353      817      -0.025  
 353      842      -0.025  
 353      867      -0.025  
 353      892      -0.025  
 353      917      -0.015  
 353      942      -0.015  
 353      967      -0.015  
 353      992      -0.005  
 353      1.02e+03 -0.005  
 353      1.04e+03 -0.005  
 353      1.07e+03 -0.005  
 353      1.09e+03 -0.005  
 353      1.12e+03 -0.005  
 353      1.14e+03 -0.015  
 353      1.17e+03 -0.015  
 353      1.19e+03 -0.015  
 353      1.22e+03 -0.025  
 353      1.24e+03 -0.045  
 353      1.27e+03 -0.065  
 353      1.29e+03 -0.095  
 378      -158     -0.095  
 378      -133     -0.065  
 378      -108     -0.045  
 378      -83      -0.045  
 378      -58      -0.045  
 378      -33      -0.055  
 378      -8       -0.035  
 378      17       -0.015  
 378      42       -0.005  
 378      67       -0.005  
 378      92       -0.005  
 378      117      -0.005  
 378      142      -0.015  
 378      167      -0.025  
 378      192      -0.005  
 378      217      -0.005  
 378      242      -0.015  
 378      267      -0.035  
 378      292      -0.035  
 378      317      -0.025  
 378      342      -0.015  
 378      367      -0.015  
 378      392      -0.005  
 378      417      -0.005  
 378      442      -0.005  
 378      467      -0.015  
 378      492      -0.015  
 378      517      -0.035  
 378      542      -0.035  
 378      567      -0.025  
 378      592      -0.025  
 378      617      -0.025  
 378      642      -0.035  
 378      667      -0.025  
 378      692      -0.015  
 378      717      -0.015  
 378      742      -0.005  
 378      767      -0.005  
 378      792      -0.005  
 378      817      -0.015  
 378      842      -0.025  
 378      867      -0.025  
 378      892      -0.025  
 378      917      -0.015  
 378      942      -0.015  
 378      967      -0.015  
 378      992      -0.015  
 378      1.02e+03 -0.005  
 378      1.04e+03 -0.005  
 378      1.07e+03 -0.005  
 378      1.09e+03 -0.005  
 378      1.12e+03 -0.005  
 378      1.14e+03 -0.005  
 378      1.17e+03 -0.005  
 378      1.19e+03 -0.005  
 378      1.22e+03 -0.015  
 378      1.24e+03 -0.035  
 378      1.27e+03 -0.065  
 378      1.29e+03 -0.095  
 403      -158     -0.115  
 403      -133     -0.085  
 403      -108     -0.075  
 403      -83      -0.065  
 403      -58      -0.065  
 403      -33      -0.065  
 403      -8       -0.045  
 403      17       -0.025  
 403      42       -0.015  
 403      67       -0.005  
 403      92       -0.005  
 403      117      -0.005  
 403      142      -0.005  
 403      167      -0.015  
 403      192      -0.015  
 403      217      -0.005  
 403      242      -0.005  
 403      267      -0.025  
 403      292      -0.045  
 403      317      -0.045  
 403      342      -0.035  
 403      367      -0.025  
 403      392      -0.015  
 403      417      -0.015  
 403      442      -0.005  
 403      467      -0.005  
 403      492      -0.005  
 403      517      -0.015  
 403      542      -0.035  
 403      567      -0.045  
 403      592      -0.035  
 403      617      -0.035  
 403      642      -0.025  
 403      667      -0.025  
 403      692      -0.025  
 403      717      -0.015  
 403      742      -0.015  
 403      767      -0.005  
 403      792      -0.005  
 403      817      -0.005  
 403      842      -0.005  
 403      867      -0.005  
 403      892      -0.005  
 403      917      -0.005  
 403      942      -0.005  
 403      967      -0.005  
 403      992      -0.005  
 403      1.02e+03 -0.005  
 403      1.04e+03 -0.005  
 403      1.07e+03 -0.005  
 403      1.09e+03 -0.005  
 403      1.12e+03 -0.005  
 403      1.14e+03 -0.015  
 403      1.17e+03 -0.015  
 403      1.19e+03 -0.025  
 403      1.22e+03 -0.025  
 403      1.24e+03 -0.045  
 403      1.27e+03 -0.075  
 403      1.29e+03 -0.105  
 428      -133     -0.115  
 428      -108     -0.095  
 428      -83      -0.095  
 428      -58      -0.095  
 428      -33      -0.085  
 428      -8       -0.045  
 428      17       -0.025  
 428      42       -0.015  
 428      67       -0.005  
 428      92       -0.005  
 428      117      -0.005  
 428      142      -0.005  
 428      167      -0.005  
 428      192      -0.005  
 428      217      -0.005  
 428      242      -0.005  
 428      267      -0.015  
 428      292      -0.025  
 428      317      -0.045  
 428      342      -0.055  
 428      367      -0.045  
 428      392      -0.035  
 428      417      -0.025  
 428      442      -0.015  
 428      467      -0.005  
 428      492      -0.005  
 428      517      -0.005  
 428      542      -0.025  
 428      567      -0.025  
 428      592      -0.015  
 428      617      -0.015  
 428      642      -0.015  
 428      667      -0.015  
 428      692      -0.005  
 428      717      -0.005  
 428      742      -0.005  
 428      767      -0.005  
 428      792      -0.005  
 428      817      -0.005  
 428      842      -0.005  
 428      867      -0.005  
 428      892      -0.005  
 428      917      -0.005  
 428      942      -0.005  
 428      967      -0.005  
 428      992      -0.005  
 428      1.02e+03 -0.005  
 428      1.04e+03 -0.005  
 428      1.07e+03 -0.015  
 428      1.09e+03 -0.015  
 428      1.12e+03 -0.025  
 428      1.14e+03 -0.035  
 428      1.17e+03 -0.045  
 428      1.19e+03 -0.045  
 428      1.22e+03 -0.055  
 428      1.24e+03 -0.075  
 428      1.27e+03 -0.095  
 428      1.29e+03 -0.125  
 453      -83      -0.125  
 453      -58      -0.125  
 453      -33      -0.095  
 453      -8       -0.055  
 453      17       -0.035  
 453      42       -0.015  
 453      67       -0.005  
 453      92       -0.005  
 453      117      -0.005  
 453      142      -0.005  
 453      167      -0.005  
 453      192      -0.005  
 453      217      -0.005  
 453      242      -0.005  
 453      267      -0.005  
 453      292      -0.005  
 453      317      -0.015  
 453      342      -0.025  
 453      367      -0.015  
 453      392      -0.015  
 453      417      -0.015  
 453      442      -0.015  
 453      467      -0.015  
 453      492      -0.015  
 453      517      -0.005  
 453      542      -0.005  
 453      567      -0.005  
 453      592      -0.005  
 453      617      -0.005  
 453      642      -0.005  
 453      667      -0.005  
 453      692      -0.005  
 453      717      -0.005  
 453      742      -0.005  
 453      767      -0.005  
 453      792      -0.005  
 453      817      -0.005  
 453      842      -0.005  
 453      867      -0.005  
 453      892      -0.005  
 453      917      -0.005  
 453      942      -0.005  
 453      967      -0.005  
 453      992      -0.005  
 453      1.02e+03 -0.005  
 453      1.04e+03 -0.005  
 453      1.07e+03 -0.005  
 453      1.09e+03 -0.005  
 453      1.12e+03 -0.015  
 453      1.14e+03 -0.035  
 453      1.17e+03 -0.065  
 453      1.19e+03 -0.075  
 453      1.22e+03 -0.085  
 453      1.24e+03 -0.095  
 453      1.27e+03 -0.115  
 478      -33      -0.115  
 478      -8       -0.065  
 478      17       -0.035  
 478      42       -0.015  
 478      67       -0.005  
 478      92       -0.005  
 478      117      -0.005  
 478      142      -0.015  
 478      167      -0.015  
 478      192      -0.015  
 478      217      -0.005  
 478      242      -0.005  
 478      267      -0.005  
 478      292      -0.005  
 478      317      -0.005  
 478      342      -0.005  
 478      367      -0.005  
 478      392      -0.005  
 478      417      -0.005  
 478      442      -0.005  
 478      467      -0.005  
 478      492      -0.005  
 478      517      -0.005  
 478      542      -0.005  
 478      567      -0.005  
 478      592      -0.005  
 478      617      -0.005  
 478      642      -0.005  
 478      667      -0.005  
 478      692      -0.005  
 478      717      -0.005  
 478      742      -0.005  
 478      767      -0.005  
 478      792      -0.005  
 478      817      -0.005  
 478      842      -0.005  
 478      867      -0.005  
 478      892      -0.005  
 478      917      -0.005  
 478      942      -0.015  
 478      967      -0.015  
 478      992      -0.015  
 478      1.02e+03 -0.015  
 478      1.04e+03 -0.015  
 478      1.07e+03 -0.005  
 478      1.09e+03 -0.015  
 478      1.12e+03 -0.025  
 478      1.14e+03 -0.025  
 478      1.17e+03 -0.035  
 478      1.19e+03 -0.045  
 478      1.22e+03 -0.045  
 478      1.24e+03 -0.055  
 478      1.27e+03 -0.085  
 478      1.29e+03 -0.115  
 503      -8       -0.075  
 503      17       -0.035  
 503      42       -0.015  
 503      67       -0.005  
 503      92       -0.005  
 503      117      -0.015  
 503      142      -0.015  
 503      167      -0.035  
 503      192      -0.025  
 503      217      -0.015  
 503      242      -0.015  
 503      267      -0.005  
 503      292      -0.005  
 503      317      -0.005  
 503      342      -0.005  
 503      367      -0.005  
 503      392      -0.005  
 503      417      -0.005  
 503      442      -0.005  
 503      467      -0.005  
 503      492      -0.005  
 503      517      -0.005  
 503      542      -0.015  
 503      567      -0.015  
 503      592      -0.015  
 503      617      -0.005  
 503      642      -0.005  
 503      667      -0.005  
 503      692      -0.005  
 503      717      -0.005  
 503      742      -0.005  
 503      767      -0.005  
 503      792      -0.005  
 503      817      -0.005  
 503      842      -0.005  
 503      867      -0.005  
 503      892      -0.005  
 503      917      -0.005  
 503      942      -0.005  
 503      967      -0.005  
 503      992      -0.005  
 503      1.02e+03 -0.005  
 503      1.04e+03 -0.005  
 503      1.07e+03 -0.005  
 503      1.09e+03 -0.005  
 503      1.12e+03 -0.005  
 503      1.14e+03 -0.005  
 503      1.17e+03 -0.015  
 503      1.19e+03 -0.015  
 503      1.22e+03 -0.025  
 503      1.24e+03 -0.045  
 503      1.27e+03 -0.065  
 503      1.29e+03 -0.095  
 528      -8       -0.085  
 528      17       -0.035  
 528      42       -0.015  
 528      67       -0.005  
 528      92       -0.005  
 528      117      -0.005  
 528      142      -0.005  
 528      167      -0.035  
 528      192      -0.055  
 528      217      -0.045  
 528      242      -0.025  
 528      267      -0.025  
 528      292      -0.015  
 528      317      -0.015  
 528      342      -0.015  
 528      367      -0.015  
 528      392      -0.015  
 528      417      -0.015  
 528      442      -0.015  
 528      467      -0.015  
 528      492      -0.025  
 528      517      -0.025  
 528      542      -0.025  
 528      567      -0.025  
 528      592      -0.025  
 528      617      -0.025  
 528      642      -0.025  
 528      667      -0.025  
 528      692      -0.015  
 528      717      -0.015  
 528      742      -0.015  
 528      767      -0.015  
 528      792      -0.015  
 528      817      -0.015  
 528      842      -0.015  
 528      867      -0.015  
 528      892      -0.015  
 528      917      -0.015  
 528      942      -0.005  
 528      967      -0.005  
 528      992      -0.005  
 528      1.02e+03 -0.005  
 528      1.04e+03 -0.005  
 528      1.07e+03 -0.005  
 528      1.09e+03 -0.005  
 528      1.12e+03 -0.005  
 528      1.14e+03 -0.005  
 528      1.17e+03 -0.005  
 528      1.19e+03 -0.005  
 528      1.22e+03 -0.015  
 528      1.24e+03 -0.035  
 528      1.27e+03 -0.065  
 528      1.29e+03 -0.095  
 553      -8       -0.085  
 553      17       -0.035  
 553      42       -0.015  
 553      67       -0.005  
 553      92       -0.005  
 553      117      -0.005  
 553      142      -0.015  
 553      167      -0.035  
 553      192      -0.085  
 553      217      -0.065  
 553      242      -0.055  
 553      267      -0.045  
 553      292      -0.025  
 553      317      -0.025  
 553      342      -0.025  
 553      367      -0.035  
 553      392      -0.035  
 553      417      -0.035  
 553      442      -0.045  
 553      467      -0.045  
 553      492      -0.045  
 553      517      -0.045  
 553      542      -0.055  
 553      567      -0.065  
 553      592      -0.055  
 553      617      -0.055  
 553      642      -0.045  
 553      667      -0.045  
 553      692      -0.045  
 553      717      -0.045  
 553      742      -0.045  
 553      767      -0.035  
 553      792      -0.035  
 553      817      -0.035  
 553      842      -0.035  
 553      867      -0.035  
 553      892      -0.025  
 553      917      -0.025  
 553      942      -0.025  
 553      967      -0.025  
 553      992      -0.025  
 553      1.02e+03 -0.025  
 553      1.04e+03 -0.025  
 553      1.07e+03 -0.015  
 553      1.09e+03 -0.015  
 553      1.12e+03 -0.015  
 553      1.14e+03 -0.015  
 553      1.17e+03 -0.025  
 553      1.19e+03 -0.015  
 553      1.22e+03 -0.025  
 553      1.24e+03 -0.045  
 553      1.27e+03 -0.065  
 553      1.29e+03 -0.095  
 578      -8       -0.095  
 578      17       -0.045  
 578      42       -0.015  
 578      67       -0.005  
 578      92       -0.005  
 578      117      -0.015  
 578      142      -0.015  
 578      167      -0.025  
 578      192      -0.065  
 578      217      -0.105  
 578      242      -0.085  
 578      267      -0.075  
 578      292      -0.055  
 578      317      -0.045  
 578      342      -0.045  
 578      367      -0.055  
 578      392      -0.065  
 578      417      -0.075  
 578      442      -0.085  
 578      467      -0.085  
 578      492      -0.085  
 578      517      -0.095  
 578      542      -0.105  
 578      567      -0.115  
 578      592      -0.105  
 578      617      -0.105  
 578      642      -0.095  
 578      667      -0.095  
 578      692      -0.095  
 578      717      -0.085  
 578      742      -0.085  
 578      767      -0.085  
 578      792      -0.075  
 578      817      -0.075  
 578      842      -0.075  
 578      867      -0.065  
 578      892      -0.065  
 578      917      -0.055  
 578      942      -0.055  
 578      967      -0.055  
 578      992      -0.055  
 578      1.02e+03 -0.055  
 578      1.04e+03 -0.055  
 578      1.07e+03 -0.045  
 578      1.09e+03 -0.045  
 578      1.12e+03 -0.045  
 578      1.14e+03 -0.045  
 578      1.17e+03 -0.065  
 578      1.19e+03 -0.045  
 578      1.22e+03 -0.045  
 578      1.24e+03 -0.065  
 578      1.27e+03 -0.085  
 578      1.29e+03 -0.115  
 603      -8       -0.105  
 603      17       -0.045  
 603      42       -0.015  
 603      67       -0.005  
 603      92       -0.005  
 603      117      -0.025  
 603      142      -0.025  
 603      167      -0.035  
 603      192      -0.065  
 603      217      -0.105  
 603      242      -0.125  
 603      267      -0.105  
 603      292      -0.085  
 603      317      -0.075  
 603      342      -0.075  
 603      367      -0.095  
 603      392      -0.115  
 603      867      -0.125  
 603      892      -0.095  
 603      917      -0.085  
 603      942      -0.075  
 603      967      -0.085  
 603      992      -0.095  
 603      1.02e+03 -0.105  
 603      1.04e+03 -0.105  
 603      1.07e+03 -0.105  
 603      1.09e+03 -0.105  
 603      1.12e+03 -0.105  
 603      1.14e+03 -0.105  
 603      1.19e+03 -0.105  
 603      1.22e+03 -0.085  
 603      1.24e+03 -0.095  
 603      1.27e+03 -0.115  
 628      17       -0.075  
 628      42       -0.025  
 628      67       -0.005  
 628      92       -0.015  
 628      117      -0.045  
 628      142      -0.045  
 628      167      -0.055  
 628      192      -0.085  
 628      217      -0.115  
 628      292      -0.125  
 628      317      -0.115  
 628      342      -0.115  
 628      892      -0.125  
 628      917      -0.115  
 628      942      -0.105  
 628      967      -0.105  
 628      992      -0.115  
 653      -8       -0.115  
 653      17       -0.055  
 653      42       -0.025  
 653      67       -0.015  
 653      92       -0.015  
 653      117      -0.035  
 653      142      -0.075  
 653      167      -0.085  
 653      192      -0.105  
 678      -8       -0.105  
 678      17       -0.055  
 678      42       -0.035  
 678      67       -0.025  
 678      92       -0.025  
 678      117      -0.045  
 678      142      -0.075  
 678      167      -0.115  
 703      -8       -0.115  
 703      17       -0.075  
 703      42       -0.055  
 703      67       -0.045  
 703      92       -0.045  
 703      117      -0.055  
 703      142      -0.085  
 703      167      -0.125  
 728      17       -0.095  
 728      42       -0.085  
 728      67       -0.075  
 728      92       -0.075  
 728      117      -0.085  
 728      142      -0.115  
 753      42       -0.115  
 753      67       -0.105  
 753      92       -0.105  
 753      117      -0.115  
 0        0        0       
 0        0        0       
 0        0        0       
 0        0        0       
 0        0        0       
 0        0        0       
 0        0        0       
 0        0        0       
 0        0        0       
 0        0        0       
 0        0        0       
 0        0        0       
 0        0        0       
 0        0        0       
 0        0        0       
 0        0        0       
 0        0        0       
 0        0        0       
 0        0        0       
 0        0        0       
 0        0        0       
 0        0        0       
 0        0        0       
 0        0        0       
 0        0        0       
 0        0        0       
 0        0        0       
 0        0        0       
 0        0        0       
 0        0        0       
 0        0        0       
 0        0        0       
 0        0        0       
 0        0        0       
 0        0        0       
 0        0        0       
 0        0        0       
 0        0        0       
 0        0        0       
 0        0        0       
 0        0        0       
 0        0        0       
 0        0        0       
 0        0        0       
 0        0        0       
 0        0        0       
 0        0        0       
 0        0        0       
 0        0        0       
 0        0        0       
 0        0        0       
 0        0        0       
 0        0        0       
 0        0        0       
 0        0        0       
 0        0        0       
 0        0        0       
 0        0        0       
 0        0        0       
 0        0        0       
 0        0        0       
 0        0        0       
 0        0        0       
 0        0        0       
 0        0        0       
 0        0        0       
 0        0        0       
 0        0        0       
 0        0        0       
 0        0        0       
 0        0        0       
 0        0        0       
 0        0        0       
 0        0        0       
 0        0        0       
 0        0        0       
 0        0        0       
 0        0        0       
 0        0        0       
 0        0        0       
 0        0        0       
 0        0        0       
 0        0        0       
 0        0        0       
 0        0        0       
 0        0        0       
 0        0        0       
 0        0        0       
 0        0        0       
 0        0        0       
 0        0        0       
 0        0        0       
 0        0        0       
 0        0        0       
 0        0        0       
 0        0        0       
 0        0        0       
 0        0        0       
 0        0        0       
 0        0        0       
 0        0        0       
 0        0        0       
 0        0        0       
 0        0        0       
 0        0        0       
 0        0        0       
 0        0        0       
 0        0        0       
 0        0        0       
 0        0        0       
 0        0        0       
 0        0        0       
 0        0        0       
 0        0        0       
 0        0        0       
 0        0        0       
 0        0        0       
 0        0        0       
 0        0        0       
 0        0        0       
 0        0        0       
 0        0        0       
 0        0        0       
 0        0        0       
 0        0        0       
 0        0        0       
 0        0        0       
 0        0        0       
 0        0        0       
 0        0        0       
 0        0        0       
 0        0        0       
 0        0        0       
 0        0        0       
 0        0        0       
 0        0        0       
 0        0        0       
 0        0        0       
 0        0        0       
 0        0        0       
 0        0        0       
 0        0        0       
 0        0        0       
 0        0        0       
 0        0        0       
 0        0        0       
 0        0        0       
 0        0        0       
 0        0        0       
 0        0        0       
 0        0        0       
 0        0        0       
 0        0        0       
 0        0        0       
 0        0        0       
 0        0        0       
 0        0        0       
 0        0        0       
 0        0        0       
 0        0        0       
 0        0        0       
 0        0        0       
 0        0        0       
 0        0        0       
 0        0        0       
 0        0        0       
 0        0        0       
 0        0        0       
 0        0        0       
 0        0        0       
 0        0        0       
 0        0        0       
 0        0        0       
 0        0        0       
 0        0        0       
 0        0        0       
 0        0        0       
 0        0        0       
 0        0        0       
 0        0        0       
 0        0        0       
 0        0        0       
 0        0        0       
 0        0        0       
 0        0        0       
 0        0        0       
 0        0        0       
 0        0        0       
 0        0        0       
 0        0        0       
 0        0        0       
 0        0        0       
 0        0        0       
 0        0        0       
 0        0        0       
 0        0        0       
 0        0        0       
 0        0        0       
 0        0        0       
 0        0        0       
 0        0        0       
 0        0        0       
 0        0        0       
 0        0        0       
 0        0        0       
 0        0        0       
 0        0        0       
 0        0        0       
 0        0        0       
 0        0        0       
 0        0        0       
 0        0        0       
 0        0        0       
 0        0        0       
 0        0        0       
 0        0        0       
 0        0        0       
 0        0        0       
 0        0        0       
 0        0        0       
 0        0        0       
 0        0        0       
 0        0        0       
 0        0        0       
 0        0        0       
 0        0        0       
 0        0        0       
 0        0        0       
 0        0        0       
 0        0        0       
 0        0        0       
 0        0        0       
 0        0        0       
 0        0        0       
 0        0        0       
 0        0        0       
 0        0        0       
 0        0        0       
 0        0        0       
 0        0        0       
 0        0        0       
 0        0        0       
 0        0        0       
 0        0        0       
 0        0        0       
 0        0        0       
 0        0        0       
 0        0        0       
 0        0        0       
 0        0        0       
 0        0        0       
 0        0        0       
 0        0        0       
 0        0        0       
 0        0        0       
 0        0        0       
 0        0        0       
 0        0        0       
 0        0        0       
 0        0        0       
 0        0        0       
 0        0        0       
 0        0        0       
 0        0        0       
 0        0        0       
 0        0        0       
 0        0        0       
 0        0        0       
 0        0        0       
 0        0        0       
 0        0        0       
 0        0        0       
 0        0        0       
 0        0        0       
 0        0        0       
 0        0        0       
 0        0        0       
 0        0        0       
 0        0        0       
 0        0        0       
 0        0        0       
 0        0        0       
 0        0        0       
 0        0        0       
 0        0        0       
 0        0        0       
 0        0        0       
 0        0        0       
 0        0        0       
 0        0        0       
 0        0        0       
 0        0        0       
 0        0        0       
 0        0        0       
 0        0        0       
 0        0        0       
 0        0        0       
 0        0        0       
 0        0        0       
 0        0        0       
 0        0        0       
 0        0        0       
 0        0        0       
 0        0        0       
 0        0        0       
 0        0        0       
 0        0        0       
 0        0        0       
 0        0        0       
 0        0        0       
 0        0        0       
 0        0        0       
 0        0        0       
 0        0        0       
 0        0        0       
 0        0        0       
 0        0        0       
 0        0        0       
 0        0        0       
 0        0        0       
 0        0        0       
 0        0        0       
 0        0        0       
 0        0        0       
 0        0        0       
 0        0        0       
 0        0        0       
 0        0        0       
 0        0        0       
 0        0        0       
 0        0        0       
 0        0        0       
 0        0        0       
 0        0        0       
 0        0        0       
 0        0        0       
 0        0        0       
 0        0        0       
 0        0        0       
 0        0        0       
 0        0        0       
 0        0        0       
 0        0        0       
 0        0        0       
 0        0        0       
 0        0        0       
 0        0        0       
 0        0        0       
 0        0        0       
 0        0        0       
 0        0        0       
 0        0        0       
 0        0        0       
 0        0        0       
