3000 3
 -1.23e+03 222      -0.125  
 -1.23e+03 247      -0.125  
 -1.23e+03 272      -0.125  
 -1.2e+03 197      -0.105  
 -1.2e+03 222      -0.085  
 -1.2e+03 247      -0.085  
 -1.2e+03 272      -0.095  
 -1.2e+03 297      -0.105  
 -1.18e+03 72       -0.125  
 -1.18e+03 97       -0.125  
 -1.18e+03 172      -0.115  
 -1.18e+03 197      -0.075  
 -1.18e+03 222      -0.055  
 -1.18e+03 247      -0.055  
 -1.18e+03 272      -0.065  
 -1.18e+03 297      -0.085  
 -1.18e+03 322      -0.115  
 -1.15e+03 22       -0.115  
 -1.15e+03 47       -0.095  
 -1.15e+03 72       -0.085  
 -1.15e+03 97       -0.085  
 -1.15e+03 122      -0.105  
 -1.15e+03 172      -0.105  
 -1.15e+03 197      -0.045  
 -1.15e+03 222      -0.025  
 -1.15e+03 247      -0.025  
 -1.15e+03 272      -0.045  
 -1.15e+03 297      -0.065  
 -1.15e+03 322      -0.095  
 -1.13e+03 -3       -0.115  
 -1.13e+03 22       -0.085  
 -1.13e+03 47       -0.065  
 -1.13e+03 72       -0.055  
 -1.13e+03 97       -0.055  
 -1.13e+03 122      -0.065  
 -1.13e+03 147      -0.115  
 -1.13e+03 172      -0.085  
 -1.13e+03 197      -0.035  
 -1.13e+03 222      -0.015  
 -1.13e+03 247      -0.015  
 -1.13e+03 272      -0.025  
 -1.13e+03 297      -0.055  
 -1.13e+03 322      -0.095  
 -1.1e+03 -3       -0.105  
 -1.1e+03 22       -0.065  
 -1.1e+03 47       -0.045  
 -1.1e+03 72       -0.035  
 -1.1e+03 97       -0.025  
 -1.1e+03 122      -0.045  
 -1.1e+03 147      -0.075  
 -1.1e+03 172      -0.035  
 -1.1e+03 197      -0.015  
 -1.1e+03 222      -0.005  
 -1.1e+03 247      -0.015  
 -1.1e+03 272      -0.025  
 -1.1e+03 297      -0.065  
 -1.1e+03 322      -0.105  
 -1.08e+03 -3       -0.095  
 -1.08e+03 22       -0.065  
 -1.08e+03 47       -0.035  
 -1.08e+03 72       -0.015  
 -1.08e+03 97       -0.015  
 -1.08e+03 122      -0.025  
 -1.08e+03 147      -0.045  
 -1.08e+03 172      -0.015  
 -1.08e+03 197      -0.005  
 -1.08e+03 222      -0.005  
 -1.08e+03 247      -0.025  
 -1.08e+03 272      -0.065  
 -1.08e+03 297      -0.105  
 -1.05e+03 -3       -0.115  
 -1.05e+03 22       -0.065  
 -1.05e+03 47       -0.035  
 -1.05e+03 72       -0.015  
 -1.05e+03 97       -0.005  
 -1.05e+03 122      -0.015  
 -1.05e+03 147      -0.025  
 -1.05e+03 172      -0.015  
 -1.05e+03 197      -0.005  
 -1.05e+03 222      -0.005  
 -1.05e+03 247      -0.025  
 -1.05e+03 272      -0.075  
 -1.03e+03 22       -0.105  
 -1.03e+03 47       -0.065  
 -1.03e+03 72       -0.035  
 -1.03e+03 97       -0.005  
 -1.03e+03 122      -0.005  
 -1.03e+03 147      -0.015  
 -1.03e+03 172      -0.005  
 -1.03e+03 197      -0.005  
 -1.03e+03 222      -0.015  
 -1.03e+03 247      -0.045  
 -1.03e+03 272      -0.095  
 -1e+03   47       -0.105  
 -1e+03   72       -0.035  
 -1e+03   97       -0.015  
 -1e+03   122      -0.005  
 -1e+03   147      -0.005  
 -1e+03   172      -0.005  
 -1e+03   197      -0.015  
 -1e+03   222      -0.035  
 -1e+03   247      -0.065  
 -978     47       -0.105  
 -978     72       -0.055  
 -978     97       -0.025  
 -978     122      -0.015  
 -978     147      -0.005  
 -978     172      -0.005  
 -978     197      -0.015  
 -978     222      -0.045  
 -978     247      -0.075  
 -978     272      -0.125  
 -953     22       -0.115  
 -953     47       -0.065  
 -953     72       -0.035  
 -953     97       -0.015  
 -953     122      -0.005  
 -953     147      -0.005  
 -953     172      -0.015  
 -953     197      -0.025  
 -953     222      -0.045  
 -953     247      -0.085  
 -953     272      -0.125  
 -928     22       -0.085  
 -928     47       -0.045  
 -928     72       -0.025  
 -928     97       -0.015  
 -928     122      -0.005  
 -928     147      -0.005  
 -928     172      -0.015  
 -928     197      -0.045  
 -928     222      -0.065  
 -928     247      -0.105  
 -903     -103     -0.125  
 -903     -78      -0.125  
 -903     -53      -0.125  
 -903     -28      -0.125  
 -903     -3       -0.105  
 -903     22       -0.065  
 -903     47       -0.035  
 -903     72       -0.015  
 -903     97       -0.005  
 -903     122      -0.005  
 -903     147      -0.015  
 -903     172      -0.025  
 -903     197      -0.055  
 -903     222      -0.105  
 -878     -153     -0.125  
 -878     -128     -0.115  
 -878     -103     -0.115  
 -878     -78      -0.105  
 -878     -53      -0.105  
 -878     -28      -0.115  
 -878     -3       -0.085  
 -878     22       -0.045  
 -878     47       -0.025  
 -878     72       -0.005  
 -878     97       -0.005  
 -878     122      -0.005  
 -878     147      -0.015  
 -878     172      -0.035  
 -878     197      -0.075  
 -853     -203     -0.125  
 -853     -178     -0.115  
 -853     -153     -0.105  
 -853     -128     -0.095  
 -853     -103     -0.095  
 -853     -78      -0.095  
 -853     -53      -0.095  
 -853     -28      -0.095  
 -853     -3       -0.055  
 -853     22       -0.035  
 -853     47       -0.015  
 -853     72       -0.005  
 -853     97       -0.005  
 -853     122      -0.015  
 -853     147      -0.025  
 -853     172      -0.055  
 -853     197      -0.095  
 -828     -228     -0.125  
 -828     -203     -0.115  
 -828     -178     -0.095  
 -828     -153     -0.095  
 -828     -128     -0.085  
 -828     -103     -0.085  
 -828     -78      -0.075  
 -828     -53      -0.075  
 -828     -28      -0.075  
 -828     -3       -0.045  
 -828     22       -0.025  
 -828     47       -0.005  
 -828     72       -0.005  
 -828     97       -0.005  
 -828     122      -0.015  
 -828     147      -0.045  
 -828     172      -0.075  
 -828     197      -0.125  
 -803     -228     -0.115  
 -803     -203     -0.095  
 -803     -178     -0.085  
 -803     -153     -0.075  
 -803     -128     -0.075  
 -803     -103     -0.065  
 -803     -78      -0.065  
 -803     -53      -0.065  
 -803     -28      -0.055  
 -803     -3       -0.025  
 -803     22       -0.015  
 -803     47       -0.005  
 -803     72       -0.005  
 -803     97       -0.015  
 -803     122      -0.025  
 -803     147      -0.055  
 -803     172      -0.105  
 -778     -253     -0.115  
 -778     -228     -0.105  
 -778     -203     -0.085  
 -778     -178     -0.075  
 -778     -153     -0.065  
 -778     -128     -0.065  
 -778     -103     -0.055  
 -778     -78      -0.055  
 -778     -53      -0.055  
 -778     -28      -0.045  
 -778     -3       -0.025  
 -778     22       -0.005  
 -778     47       -0.005  
 -778     72       -0.005  
 -778     97       -0.025  
 -778     122      -0.045  
 -778     147      -0.075  
 -753     -253     -0.115  
 -753     -228     -0.095  
 -753     -203     -0.075  
 -753     -178     -0.065  
 -753     -153     -0.055  
 -753     -128     -0.045  
 -753     -103     -0.045  
 -753     -78      -0.045  
 -753     -53      -0.045  
 -753     -28      -0.025  
 -753     -3       -0.015  
 -753     22       -0.005  
 -753     47       -0.005  
 -753     72       -0.015  
 -753     97       -0.035  
 -753     122      -0.055  
 -753     147      -0.105  
 -728     -253     -0.105  
 -728     -228     -0.085  
 -728     -203     -0.065  
 -728     -178     -0.055  
 -728     -153     -0.045  
 -728     -128     -0.035  
 -728     -103     -0.035  
 -728     -78      -0.035  
 -728     -53      -0.035  
 -728     -28      -0.015  
 -728     -3       -0.005  
 -728     22       -0.005  
 -728     47       -0.005  
 -728     72       -0.025  
 -728     97       -0.045  
 -728     122      -0.075  
 -728     147      -0.115  
 -703     -253     -0.105  
 -703     -228     -0.075  
 -703     -203     -0.065  
 -703     -178     -0.045  
 -703     -153     -0.035  
 -703     -128     -0.035  
 -703     -103     -0.025  
 -703     -78      -0.025  
 -703     -53      -0.025  
 -703     -28      -0.015  
 -703     -3       -0.005  
 -703     22       -0.005  
 -703     47       -0.015  
 -703     72       -0.035  
 -703     97       -0.065  
 -703     122      -0.095  
 -703     147      -0.115  
 128      -253     -0.035  
 128      -228     -0.015  
 128      -203     -0.015  
 128      -178     -0.015  
 128      -153     -0.015  
 128      -128     -0.005  
 128      -103     -0.005  
 128      -78      -0.005  
 128      -53      -0.005  
 128      -28      -0.015  
 128      -3       -0.005  
 128      22       -0.005  
 128      47       -0.005  
 128      72       -0.005  
 128      97       -0.005  
 128      122      -0.005  
 128      147      -0.005  
 128      172      -0.005  
 128      197      -0.005  
 128      222      -0.005  
 128      247      -0.005  
 128      272      -0.005  
 128      297      -0.005  
 128      322      -0.005  
 128      347      -0.005  
 128      372      -0.005  
 128      397      -0.005  
 128      422      -0.005  
 128      447      -0.015  
 128      472      -0.015  
 128      497      -0.025  
 128      522      -0.045  
 128      547      -0.075  
 128      572      -0.105  
 153      -253     -0.045  
 153      -228     -0.035  
 153      -203     -0.035  
 153      -178     -0.035  
 153      -153     -0.035  
 153      -128     -0.005  
 153      -103     -0.005  
 153      -78      -0.005  
 153      -53      -0.015  
 153      -28      -0.005  
 153      -3       -0.005  
 153      22       -0.005  
 153      47       -0.005  
 153      72       -0.005  
 153      97       -0.005  
 153      122      -0.005  
 153      147      -0.005  
 153      172      -0.005  
 153      197      -0.005  
 153      222      -0.005  
 153      247      -0.005  
 153      272      -0.005  
 153      297      -0.005  
 153      322      -0.005  
 153      347      -0.005  
 153      372      -0.005  
 153      397      -0.005  
 153      422      -0.005  
 153      447      -0.005  
 153      472      -0.005  
 153      497      -0.025  
 153      522      -0.045  
 153      547      -0.065  
 153      572      -0.095  
 178      -253     -0.075  
 178      -228     -0.065  
 178      -203     -0.055  
 178      -178     -0.035  
 178      -153     -0.015  
 178      -128     -0.015  
 178      -103     -0.005  
 178      -78      -0.005  
 178      -53      -0.005  
 178      -28      -0.005  
 178      -3       -0.015  
 178      22       -0.015  
 178      47       -0.015  
 178      72       -0.015  
 178      97       -0.005  
 178      122      -0.025  
 178      147      -0.005  
 178      172      -0.005  
 178      197      -0.015  
 178      222      -0.025  
 178      247      -0.015  
 178      272      -0.015  
 178      297      -0.005  
 178      322      -0.015  
 178      347      -0.015  
 178      372      -0.015  
 178      397      -0.015  
 178      422      -0.015  
 178      447      -0.025  
 178      472      -0.015  
 178      497      -0.025  
 178      522      -0.045  
 178      547      -0.075  
 178      572      -0.105  
 203      -253     -0.105  
 203      -228     -0.085  
 203      -203     -0.055  
 203      -178     -0.035  
 203      -153     -0.015  
 203      -128     -0.005  
 203      -103     -0.005  
 203      -78      -0.005  
 203      -53      -0.005  
 203      -28      -0.015  
 203      -3       -0.025  
 203      22       -0.035  
 203      47       -0.025  
 203      72       -0.015  
 203      97       -0.015  
 203      122      -0.005  
 203      147      -0.005  
 203      172      -0.005  
 203      197      -0.005  
 203      222      -0.015  
 203      247      -0.025  
 203      272      -0.015  
 203      297      -0.005  
 203      322      -0.015  
 203      347      -0.035  
 203      372      -0.045  
 203      397      -0.045  
 203      422      -0.045  
 203      447      -0.065  
 203      472      -0.045  
 203      497      -0.045  
 203      522      -0.065  
 203      547      -0.085  
 203      572      -0.125  
 228      -253     -0.125  
 228      -228     -0.085  
 228      -203     -0.045  
 228      -178     -0.035  
 228      -153     -0.005  
 228      -128     -0.015  
 228      -103     -0.005  
 228      -78      -0.005  
 228      -53      -0.015  
 228      -28      -0.025  
 228      -3       -0.035  
 228      22       -0.055  
 228      47       -0.045  
 228      72       -0.035  
 228      97       -0.025  
 228      122      -0.015  
 228      147      -0.005  
 228      172      -0.005  
 228      197      -0.035  
 228      222      -0.005  
 228      247      -0.005  
 228      272      -0.005  
 228      297      -0.005  
 228      322      -0.015  
 228      347      -0.015  
 228      372      -0.025  
 228      397      -0.045  
 228      422      -0.075  
 228      447      -0.105  
 228      472      -0.095  
 228      497      -0.085  
 228      522      -0.095  
 228      547      -0.115  
 253      -253     -0.095  
 253      -228     -0.055  
 253      -203     -0.035  
 253      -178     -0.015  
 253      -153     -0.005  
 253      -128     -0.005  
 253      -103     -0.025  
 253      -78      -0.025  
 253      -53      -0.025  
 253      -28      -0.035  
 253      -3       -0.055  
 253      22       -0.085  
 253      47       -0.065  
 253      72       -0.055  
 253      97       -0.035  
 253      122      -0.025  
 253      147      -0.015  
 253      172      -0.015  
 253      197      -0.005  
 253      222      -0.005  
 253      247      -0.005  
 253      272      -0.005  
 253      297      -0.005  
 253      322      -0.005  
 253      347      -0.005  
 253      372      -0.025  
 253      397      -0.045  
 253      422      -0.065  
 253      447      -0.105  
 278      -253     -0.085  
 278      -228     -0.055  
 278      -203     -0.035  
 278      -178     -0.015  
 278      -153     -0.015  
 278      -128     -0.035  
 278      -103     -0.045  
 278      -78      -0.035  
 278      -53      -0.035  
 278      -28      -0.045  
 278      -3       -0.075  
 278      22       -0.105  
 278      47       -0.095  
 278      72       -0.075  
 278      97       -0.055  
 278      122      -0.045  
 278      147      -0.035  
 278      172      -0.025  
 278      197      -0.015  
 278      222      -0.005  
 278      247      -0.005  
 278      272      -0.015  
 278      297      -0.015  
 278      322      -0.025  
 278      347      -0.015  
 278      372      -0.025  
 278      397      -0.045  
 278      422      -0.075  
 278      447      -0.105  
 303      -253     -0.095  
 303      -228     -0.065  
 303      -203     -0.045  
 303      -178     -0.035  
 303      -153     -0.035  
 303      -128     -0.055  
 303      -103     -0.065  
 303      -78      -0.055  
 303      -53      -0.055  
 303      -28      -0.065  
 303      -3       -0.095  
 303      22       -0.125  
 303      72       -0.115  
 303      97       -0.095  
 303      122      -0.075  
 303      147      -0.055  
 303      172      -0.045  
 303      197      -0.025  
 303      222      -0.015  
 303      247      -0.005  
 303      272      -0.015  
 303      297      -0.025  
 303      322      -0.045  
 303      347      -0.045  
 303      372      -0.055  
 303      397      -0.065  
 303      422      -0.095  
 303      447      -0.125  
 328      -253     -0.115  
 328      -228     -0.085  
 328      -203     -0.065  
 328      -178     -0.055  
 328      -153     -0.055  
 328      -128     -0.085  
 328      -103     -0.085  
 328      -78      -0.085  
 328      -53      -0.085  
 328      -28      -0.095  
 328      -3       -0.115  
 328      122      -0.115  
 328      147      -0.085  
 328      172      -0.065  
 328      197      -0.035  
 328      222      -0.025  
 328      247      -0.015  
 328      272      -0.015  
 328      297      -0.025  
 328      322      -0.045  
 328      347      -0.075  
 328      372      -0.095  
 328      397      -0.105  
 328      422      -0.125  
 353      -228     -0.115  
 353      -203     -0.095  
 353      -178     -0.085  
 353      -153     -0.095  
 353      -128     -0.125  
 353      -103     -0.115  
 353      -78      -0.115  
 353      -53      -0.115  
 353      -28      -0.125  
 353      147      -0.125  
 353      172      -0.085  
 353      197      -0.055  
 353      222      -0.035  
 353      247      -0.025  
 353      272      -0.025  
 353      297      -0.035  
 353      322      -0.045  
 353      347      -0.075  
 353      372      -0.105  
 378      172      -0.115  
 378      197      -0.075  
 378      222      -0.045  
 378      247      -0.045  
 378      272      -0.035  
 378      297      -0.045  
 378      322      -0.065  
 378      347      -0.085  
 378      372      -0.115  
 403      197      -0.095  
 403      222      -0.075  
 403      247      -0.065  
 403      272      -0.065  
 403      297      -0.065  
 403      322      -0.085  
 403      347      -0.105  
 403      372      -0.125  
 428      197      -0.125  
 428      222      -0.105  
 428      247      -0.085  
 428      272      -0.085  
 428      297      -0.095  
 428      322      -0.105  
 428      347      -0.125  
 453      247      -0.125  
 453      272      -0.115  
 453      297      -0.125  
 -678     -253     -0.105  
 -678     -228     -0.075  
 -678     -203     -0.055  
 -678     -178     -0.045  
 -678     -153     -0.035  
 -678     -128     -0.025  
 -678     -103     -0.025  
 -678     -78      -0.015  
 -678     -53      -0.015  
 -678     -28      -0.005  
 -678     -3       -0.005  
 -678     22       -0.005  
 -678     47       -0.025  
 -678     72       -0.045  
 -678     97       -0.075  
 -678     122      -0.095  
 -678     147      -0.115  
 -653     -253     -0.115  
 -653     -228     -0.075  
 -653     -203     -0.055  
 -653     -178     -0.035  
 -653     -153     -0.025  
 -653     -128     -0.015  
 -653     -103     -0.015  
 -653     -78      -0.015  
 -653     -53      -0.015  
 -653     -28      -0.005  
 -653     -3       -0.005  
 -653     22       -0.015  
 -653     47       -0.035  
 -653     72       -0.055  
 -653     97       -0.075  
 -653     122      -0.095  
 -653     147      -0.115  
 -628     -228     -0.095  
 -628     -203     -0.055  
 -628     -178     -0.035  
 -628     -153     -0.025  
 -628     -128     -0.015  
 -628     -103     -0.015  
 -628     -78      -0.005  
 -628     -53      -0.005  
 -628     -28      -0.005  
 -628     -3       -0.015  
 -628     22       -0.025  
 -628     47       -0.045  
 -628     72       -0.055  
 -628     97       -0.075  
 -628     122      -0.095  
 -628     147      -0.125  
 -603     -228     -0.125  
 -603     -203     -0.075  
 -603     -178     -0.045  
 -603     -153     -0.025  
 -603     -128     -0.015  
 -603     -103     -0.005  
 -603     -78      -0.005  
 -603     -53      -0.005  
 -603     -28      -0.005  
 -603     -3       -0.015  
 -603     22       -0.035  
 -603     47       -0.045  
 -603     72       -0.065  
 -603     97       -0.085  
 -603     122      -0.115  
 -578     -203     -0.125  
 -578     -178     -0.065  
 -578     -153     -0.035  
 -578     -128     -0.015  
 -578     -103     -0.005  
 -578     -78      -0.005  
 -578     -53      -0.005  
 -578     -28      -0.005  
 -578     -3       -0.015  
 -578     22       -0.035  
 -578     47       -0.055  
 -578     72       -0.075  
 -578     97       -0.105  
 -553     -178     -0.085  
 -553     -153     -0.045  
 -553     -128     -0.025  
 -553     -103     -0.005  
 -553     -78      -0.005  
 -553     -53      -0.005  
 -553     -28      -0.005  
 -553     -3       -0.015  
 -553     22       -0.035  
 -553     47       -0.085  
 -553     72       -0.115  
 -528     -303     -0.115  
 -528     -278     -0.095  
 -528     -253     -0.075  
 -528     -228     -0.065  
 -528     -203     -0.055  
 -528     -178     -0.045  
 -528     -153     -0.035  
 -528     -128     -0.015  
 -528     -103     -0.005  
 -528     -78      -0.005  
 -528     -53      -0.005  
 -528     -28      -0.005  
 -528     -3       -0.015  
 -528     22       -0.045  
 -528     47       -0.095  
 -503     -353     -0.125  
 -503     -328     -0.105  
 -503     -303     -0.085  
 -503     -278     -0.065  
 -503     -253     -0.055  
 -503     -228     -0.035  
 -503     -203     -0.025  
 -503     -178     -0.025  
 -503     -153     -0.015  
 -503     -128     -0.015  
 -503     -103     -0.005  
 -503     -78      -0.005  
 -503     -53      -0.005  
 -503     -28      -0.005  
 -503     -3       -0.015  
 -503     22       -0.045  
 -503     47       -0.105  
 -478     -378     -0.125  
 -478     -353     -0.105  
 -478     -328     -0.085  
 -478     -303     -0.065  
 -478     -278     -0.055  
 -478     -253     -0.035  
 -478     -228     -0.025  
 -478     -203     -0.025  
 -478     -178     -0.015  
 -478     -153     -0.005  
 -478     -128     -0.005  
 -478     -103     -0.005  
 -478     -78      -0.005  
 -478     -53      -0.005  
 -478     -28      -0.005  
 -478     -3       -0.025  
 -478     22       -0.055  
 -478     47       -0.115  
 -453     -378     -0.105  
 -453     -353     -0.095  
 -453     -328     -0.075  
 -453     -303     -0.055  
 -453     -278     -0.045  
 -453     -253     -0.035  
 -453     -228     -0.025  
 -453     -203     -0.015  
 -453     -178     -0.015  
 -453     -153     -0.005  
 -453     -128     -0.005  
 -453     -103     -0.005  
 -453     -78      -0.005  
 -453     -53      -0.005  
 -453     -28      -0.005  
 -453     -3       -0.025  
 -453     22       -0.055  
 -453     47       -0.115  
 -428     -403     -0.125  
 -428     -378     -0.105  
 -428     -353     -0.085  
 -428     -328     -0.065  
 -428     -303     -0.055  
 -428     -278     -0.045  
 -428     -253     -0.035  
 -428     -228     -0.025  
 -428     -203     -0.015  
 -428     -178     -0.015  
 -428     -153     -0.005  
 -428     -128     -0.005  
 -428     -103     -0.005  
 -428     -78      -0.005  
 -428     -53      -0.005  
 -428     -28      -0.015  
 -428     -3       -0.025  
 -428     22       -0.065  
 -428     47       -0.125  
 -403     -403     -0.115  
 -403     -378     -0.095  
 -403     -353     -0.085  
 -403     -328     -0.065  
 -403     -303     -0.055  
 -403     -278     -0.045  
 -403     -253     -0.035  
 -403     -228     -0.025  
 -403     -203     -0.015  
 -403     -178     -0.015  
 -403     -153     -0.015  
 -403     -128     -0.015  
 -403     -103     -0.005  
 -403     -78      -0.005  
 -403     -53      -0.015  
 -403     -28      -0.015  
 -403     -3       -0.035  
 -403     22       -0.065  
 -403     47       -0.125  
 -378     -403     -0.115  
 -378     -378     -0.095  
 -378     -353     -0.085  
 -378     -328     -0.065  
 -378     -303     -0.055  
 -378     -278     -0.045  
 -378     -253     -0.035  
 -378     -228     -0.025  
 -378     -203     -0.025  
 -378     -178     -0.015  
 -378     -153     -0.015  
 -378     -128     -0.015  
 -378     -103     -0.005  
 -378     -78      -0.005  
 -378     -53      -0.005  
 -378     -28      -0.015  
 -378     -3       -0.035  
 -378     22       -0.065  
 -378     47       -0.105  
 -353     -403     -0.115  
 -353     -378     -0.095  
 -353     -353     -0.085  
 -353     -328     -0.065  
 -353     -303     -0.045  
 -353     -278     -0.035  
 -353     -253     -0.035  
 -353     -228     -0.035  
 -353     -203     -0.025  
 -353     -178     -0.025  
 -353     -153     -0.025  
 -353     -128     -0.015  
 -353     -103     -0.005  
 -353     -78      -0.005  
 -353     -53      -0.005  
 -353     -28      -0.015  
 -353     -3       -0.035  
 -353     22       -0.065  
 -353     47       -0.095  
 -353     72       -0.125  
 -328     -403     -0.115  
 -328     -378     -0.095  
 -328     -353     -0.085  
 -328     -328     -0.055  
 -328     -303     -0.035  
 -328     -278     -0.015  
 -328     -253     -0.015  
 -328     -228     -0.035  
 -328     -203     -0.035  
 -328     -178     -0.035  
 -328     -153     -0.025  
 -328     -128     -0.015  
 -328     -103     -0.005  
 -328     -78      -0.005  
 -328     -53      -0.005  
 -328     -28      -0.015  
 -328     -3       -0.045  
 -328     22       -0.075  
 -328     47       -0.095  
 -328     72       -0.125  
 -303     -403     -0.115  
 -303     -378     -0.105  
 -303     -353     -0.085  
 -303     -328     -0.055  
 -303     -303     -0.035  
 -303     -278     -0.015  
 -303     -253     -0.005  
 -303     -228     -0.005  
 -303     -203     -0.015  
 -303     -178     -0.035  
 -303     -153     -0.025  
 -303     -128     -0.015  
 -303     -103     -0.005  
 -303     -78      -0.005  
 -303     -53      -0.005  
 -303     -28      -0.015  
 -303     -3       -0.045  
 -303     22       -0.075  
 -303     47       -0.095  
 -303     72       -0.125  
 -278     -403     -0.125  
 -278     -378     -0.105  
 -278     -353     -0.095  
 -278     -328     -0.085  
 -278     -303     -0.055  
 -278     -278     -0.035  
 -278     -253     -0.005  
 -278     -228     -0.005  
 -278     -203     -0.005  
 -278     -178     -0.015  
 -278     -153     -0.025  
 -278     -128     -0.015  
 -278     -103     -0.005  
 -278     -78      -0.005  
 -278     -53      -0.005  
 -278     -28      -0.025  
 -278     -3       -0.055  
 -278     22       -0.085  
 -278     47       -0.105  
 -278     72       -0.125  
 -253     -403     -0.125  
 -253     -378     -0.115  
 -253     -353     -0.105  
 -253     -328     -0.095  
 -253     -303     -0.085  
 -253     -278     -0.055  
 -253     -253     -0.015  
 -253     -228     -0.005  
 -253     -203     -0.005  
 -253     -178     -0.005  
 -253     -153     -0.015  
 -253     -128     -0.015  
 -253     -103     -0.005  
 -253     -78      -0.005  
 -253     -53      -0.015  
 -253     -28      -0.025  
 -253     -3       -0.055  
 -253     22       -0.085  
 -253     47       -0.105  
 -228     -378     -0.125  
 -228     -353     -0.115  
 -228     -328     -0.105  
 -228     -303     -0.095  
 -228     -278     -0.085  
 -228     -253     -0.035  
 -228     -228     -0.015  
 -228     -203     -0.005  
 -228     -178     -0.005  
 -228     -153     -0.005  
 -228     -128     -0.005  
 -228     -103     -0.005  
 -228     -78      -0.005  
 -228     -53      -0.015  
 -228     -28      -0.025  
 -228     -3       -0.055  
 -228     22       -0.065  
 -228     47       -0.085  
 -228     72       -0.115  
 -203     -478     -0.125  
 -203     -453     -0.115  
 -203     -428     -0.125  
 -203     -353     -0.125  
 -203     -328     -0.105  
 -203     -303     -0.105  
 -203     -278     -0.095  
 -203     -253     -0.075  
 -203     -228     -0.035  
 -203     -203     -0.015  
 -203     -178     -0.005  
 -203     -153     -0.005  
 -203     -128     -0.005  
 -203     -103     -0.005  
 -203     -78      -0.005  
 -203     -53      -0.015  
 -203     -28      -0.025  
 -203     -3       -0.035  
 -203     22       -0.045  
 -203     47       -0.075  
 -203     72       -0.105  
 -178     -503     -0.105  
 -178     -478     -0.085  
 -178     -453     -0.075  
 -178     -428     -0.085  
 -178     -403     -0.095  
 -178     -378     -0.125  
 -178     -328     -0.125  
 -178     -303     -0.115  
 -178     -278     -0.095  
 -178     -253     -0.075  
 -178     -228     -0.055  
 -178     -203     -0.035  
 -178     -178     -0.015  
 -178     -153     -0.005  
 -178     -128     -0.005  
 -178     -103     -0.005  
 -178     -78      -0.005  
 -178     -53      -0.015  
 -178     -28      -0.015  
 -178     -3       -0.025  
 -178     22       -0.045  
 -178     47       -0.065  
 -178     72       -0.095  
 -178     97       -0.115  
 -178     272      -0.125  
 -178     297      -0.125  
 -178     322      -0.105  
 -178     347      -0.085  
 -178     372      -0.085  
 -178     397      -0.095  
 -178     422      -0.125  
 -178     447      -0.125  
 -178     522      -0.085  
 -178     547      -0.085  
 -178     572      -0.095  
 -178     597      -0.115  
 -153     -653     -0.125  
 -153     -628     -0.115  
 -153     -603     -0.105  
 -153     -578     -0.095  
 -153     -553     -0.085  
 -153     -528     -0.075  
 -153     -503     -0.065  
 -153     -478     -0.055  
 -153     -453     -0.045  
 -153     -428     -0.045  
 -153     -403     -0.065  
 -153     -378     -0.085  
 -153     -353     -0.095  
 -153     -328     -0.105  
 -153     -303     -0.125  
 -153     -278     -0.095  
 -153     -253     -0.075  
 -153     -228     -0.055  
 -153     -203     -0.035  
 -153     -178     -0.025  
 -153     -153     -0.015  
 -153     -128     -0.005  
 -153     -103     -0.005  
 -153     -78      -0.005  
 -153     -53      -0.005  
 -153     -28      -0.005  
 -153     -3       -0.025  
 -153     22       -0.045  
 -153     47       -0.055  
 -153     72       -0.075  
 -153     97       -0.095  
 -153     122      -0.105  
 -153     147      -0.095  
 -153     172      -0.095  
 -153     197      -0.085  
 -153     222      -0.085  
 -153     247      -0.075  
 -153     272      -0.075  
 -153     297      -0.065  
 -153     322      -0.065  
 -153     347      -0.055  
 -153     372      -0.055  
 -153     397      -0.065  
 -153     422      -0.065  
 -153     447      -0.055  
 -153     472      -0.055  
 -153     497      -0.065  
 -153     522      -0.045  
 -153     547      -0.045  
 -153     572      -0.065  
 -153     597      -0.085  
 -153     622      -0.125  
 -128     -703     -0.095  
 -128     -678     -0.085  
 -128     -653     -0.075  
 -128     -628     -0.065  
 -128     -603     -0.055  
 -128     -578     -0.055  
 -128     -553     -0.045  
 -128     -528     -0.035  
 -128     -503     -0.035  
 -128     -478     -0.025  
 -128     -453     -0.025  
 -128     -428     -0.025  
 -128     -403     -0.035  
 -128     -378     -0.045  
 -128     -353     -0.055  
 -128     -328     -0.055  
 -128     -303     -0.075  
 -128     -278     -0.095  
 -128     -253     -0.085  
 -128     -228     -0.055  
 -128     -203     -0.045  
 -128     -178     -0.025  
 -128     -153     -0.015  
 -128     -128     -0.005  
 -128     -103     -0.005  
 -128     -78      -0.005  
 -128     -53      -0.005  
 -128     -28      -0.015  
 -128     -3       -0.025  
 -128     22       -0.035  
 -128     47       -0.045  
 -128     72       -0.055  
 -128     97       -0.065  
 -128     122      -0.055  
 -128     147      -0.055  
 -128     172      -0.055  
 -128     197      -0.045  
 -128     222      -0.045  
 -128     247      -0.045  
 -128     272      -0.035  
 -128     297      -0.035  
 -128     322      -0.035  
 -128     347      -0.025  
 -128     372      -0.025  
 -128     397      -0.025  
 -128     422      -0.025  
 -128     447      -0.015  
 -128     472      -0.015  
 -128     497      -0.025  
 -128     522      -0.015  
 -128     547      -0.025  
 -128     572      -0.045  
 -128     597      -0.075  
 -128     622      -0.105  
 -103     -703     -0.045  
 -103     -678     -0.045  
 -103     -653     -0.035  
 -103     -628     -0.035  
 -103     -603     -0.025  
 -103     -578     -0.025  
 -103     -553     -0.025  
 -103     -528     -0.015  
 -103     -503     -0.015  
 -103     -478     -0.015  
 -103     -453     -0.015  
 -103     -428     -0.015  
 -103     -403     -0.015  
 -103     -378     -0.025  
 -103     -353     -0.025  
 -103     -328     -0.025  
 -103     -303     -0.045  
 -103     -278     -0.055  
 -103     -253     -0.065  
 -103     -228     -0.075  
 -103     -203     -0.045  
 -103     -178     -0.025  
 -103     -153     -0.015  
 -103     -128     -0.005  
 -103     -103     -0.005  
 -103     -78      -0.005  
 -103     -53      -0.005  
 -103     -28      -0.015  
 -103     -3       -0.015  
 -103     22       -0.025  
 -103     47       -0.035  
 -103     72       -0.035  
 -103     97       -0.035  
 -103     122      -0.035  
 -103     147      -0.025  
 -103     172      -0.025  
 -103     197      -0.025  
 -103     222      -0.025  
 -103     247      -0.015  
 -103     272      -0.015  
 -103     297      -0.015  
 -103     322      -0.015  
 -103     347      -0.015  
 -103     372      -0.015  
 -103     397      -0.005  
 -103     422      -0.005  
 -103     447      -0.005  
 -103     472      -0.005  
 -103     497      -0.005  
 -103     522      -0.005  
 -103     547      -0.025  
 -103     572      -0.045  
 -103     597      -0.065  
 -103     622      -0.105  
 -78      -703     -0.025  
 -78      -678     -0.015  
 -78      -653     -0.015  
 -78      -628     -0.015  
 -78      -603     -0.015  
 -78      -578     -0.005  
 -78      -553     -0.005  
 -78      -528     -0.005  
 -78      -503     -0.005  
 -78      -478     -0.005  
 -78      -453     -0.005  
 -78      -428     -0.005  
 -78      -403     -0.005  
 -78      -378     -0.005  
 -78      -353     -0.015  
 -78      -328     -0.015  
 -78      -303     -0.015  
 -78      -278     -0.025  
 -78      -253     -0.035  
 -78      -228     -0.045  
 -78      -203     -0.045  
 -78      -178     -0.025  
 -78      -153     -0.015  
 -78      -128     -0.005  
 -78      -103     -0.005  
 -78      -78      -0.005  
 -78      -53      -0.005  
 -78      -28      -0.005  
 -78      -3       -0.015  
 -78      22       -0.025  
 -78      47       -0.025  
 -78      72       -0.015  
 -78      97       -0.015  
 -78      122      -0.015  
 -78      147      -0.015  
 -78      172      -0.015  
 -78      197      -0.015  
 -78      222      -0.005  
 -78      247      -0.005  
 -78      272      -0.005  
 -78      297      -0.005  
 -78      322      -0.005  
 -78      347      -0.005  
 -78      372      -0.005  
 -78      397      -0.005  
 -78      422      -0.005  
 -78      447      -0.005  
 -78      472      -0.005  
 -78      497      -0.015  
 -78      522      -0.015  
 -78      547      -0.025  
 -78      572      -0.045  
 -78      597      -0.075  
 -78      622      -0.115  
 -53      -703     -0.005  
 -53      -678     -0.005  
 -53      -653     -0.005  
 -53      -628     -0.005  
 -53      -603     -0.005  
 -53      -578     -0.005  
 -53      -553     -0.005  
 -53      -528     -0.005  
 -53      -503     -0.005  
 -53      -478     -0.005  
 -53      -453     -0.005  
 -53      -428     -0.005  
 -53      -403     -0.005  
 -53      -378     -0.005  
 -53      -353     -0.005  
 -53      -328     -0.005  
 -53      -303     -0.005  
 -53      -278     -0.015  
 -53      -253     -0.015  
 -53      -228     -0.025  
 -53      -203     -0.025  
 -53      -178     -0.025  
 -53      -153     -0.015  
 -53      -128     -0.005  
 -53      -103     -0.005  
 -53      -78      -0.015  
 -53      -53      -0.005  
 -53      -28      -0.005  
 -53      -3       -0.005  
 -53      22       -0.015  
 -53      47       -0.005  
 -53      72       -0.005  
 -53      97       -0.005  
 -53      122      -0.005  
 -53      147      -0.005  
 -53      172      -0.005  
 -53      197      -0.005  
 -53      222      -0.005  
 -53      247      -0.005  
 -53      272      -0.005  
 -53      297      -0.005  
 -53      322      -0.005  
 -53      347      -0.005  
 -53      372      -0.025  
 -53      397      -0.015  
 -53      422      -0.015  
 -53      447      -0.025  
 -53      472      -0.025  
 -53      497      -0.045  
 -53      522      -0.045  
 -53      547      -0.055  
 -53      572      -0.065  
 -53      597      -0.095  
 -53      622      -0.125  
 -28      -703     -0.005  
 -28      -678     -0.005  
 -28      -653     -0.005  
 -28      -628     -0.005  
 -28      -603     -0.005  
 -28      -578     -0.015  
 -28      -553     -0.015  
 -28      -528     -0.015  
 -28      -503     -0.015  
 -28      -478     -0.015  
 -28      -453     -0.025  
 -28      -428     -0.015  
 -28      -403     -0.015  
 -28      -378     -0.015  
 -28      -353     -0.005  
 -28      -328     -0.005  
 -28      -303     -0.005  
 -28      -278     -0.005  
 -28      -253     -0.005  
 -28      -228     -0.005  
 -28      -203     -0.015  
 -28      -178     -0.015  
 -28      -153     -0.015  
 -28      -128     -0.005  
 -28      -103     -0.005  
 -28      -78      -0.005  
 -28      -53      -0.005  
 -28      -28      -0.005  
 -28      -3       -0.005  
 -28      22       -0.005  
 -28      47       -0.005  
 -28      72       -0.005  
 -28      97       -0.005  
 -28      122      -0.005  
 -28      147      -0.005  
 -28      172      -0.005  
 -28      197      -0.005  
 -28      222      -0.015  
 -28      247      -0.015  
 -28      272      -0.015  
 -28      297      -0.015  
 -28      322      -0.015  
 -28      347      -0.025  
 -28      372      -0.015  
 -28      397      -0.015  
 -28      422      -0.025  
 -28      447      -0.045  
 -28      472      -0.065  
 -28      497      -0.095  
 -28      547      -0.105  
 -28      572      -0.105  
 -3       -703     -0.015  
 -3       -678     -0.015  
 -3       -653     -0.015  
 -3       -628     -0.015  
 -3       -603     -0.025  
 -3       -578     -0.025  
 -3       -553     -0.025  
 -3       -528     -0.035  
 -3       -503     -0.035  
 -3       -478     -0.045  
 -3       -453     -0.065  
 -3       -428     -0.045  
 -3       -403     -0.035  
 -3       -378     -0.025  
 -3       -353     -0.025  
 -3       -328     -0.015  
 -3       -303     -0.015  
 -3       -278     -0.005  
 -3       -253     -0.005  
 -3       -228     -0.005  
 -3       -203     -0.005  
 -3       -178     -0.005  
 -3       -153     -0.005  
 -3       -128     -0.005  
 -3       -103     -0.005  
 -3       -78      -0.005  
 -3       -53      -0.005  
 -3       -28      -0.005  
 -3       -3       -0.005  
 -3       22       -0.005  
 -3       47       -0.005  
 -3       72       -0.015  
 -3       97       -0.015  
 -3       122      -0.015  
 -3       147      -0.015  
 -3       172      -0.015  
 -3       197      -0.015  
 -3       222      -0.025  
 -3       247      -0.025  
 -3       272      -0.035  
 -3       297      -0.035  
 -3       322      -0.045  
 -3       347      -0.055  
 -3       372      -0.025  
 -3       397      -0.025  
 -3       422      -0.035  
 -3       447      -0.055  
 -3       472      -0.085  
 -3       497      -0.115  
 22       -703     -0.025  
 22       -678     -0.035  
 22       -653     -0.035  
 22       -628     -0.045  
 22       -603     -0.045  
 22       -578     -0.055  
 22       -553     -0.055  
 22       -528     -0.065  
 22       -503     -0.075  
 22       -478     -0.095  
 22       -453     -0.125  
 22       -428     -0.085  
 22       -403     -0.075  
 22       -378     -0.065  
 22       -353     -0.045  
 22       -328     -0.035  
 22       -303     -0.025  
 22       -278     -0.015  
 22       -253     -0.015  
 22       -228     -0.005  
 22       -203     -0.005  
 22       -178     -0.005  
 22       -153     -0.005  
 22       -128     -0.005  
 22       -103     -0.005  
 22       -78      -0.005  
 22       -53      -0.005  
 22       -28      -0.005  
 22       -3       -0.015  
 22       22       -0.015  
 22       47       -0.015  
 22       72       -0.025  
 22       97       -0.025  
 22       122      -0.025  
 22       147      -0.035  
 22       172      -0.035  
 22       197      -0.045  
 22       222      -0.045  
 22       247      -0.055  
 22       272      -0.065  
 22       297      -0.075  
 22       322      -0.085  
 22       347      -0.085  
 22       372      -0.055  
 22       397      -0.045  
 22       422      -0.055  
 22       447      -0.075  
 22       472      -0.095  
 47       -703     -0.055  
 47       -678     -0.065  
 47       -653     -0.075  
 47       -628     -0.085  
 47       -603     -0.095  
 47       -578     -0.105  
 47       -553     -0.115  
 47       -528     -0.125  
 47       -378     -0.115  
 47       -353     -0.085  
 47       -328     -0.065  
 47       -303     -0.055  
 47       -278     -0.045  
 47       -253     -0.035  
 47       -228     -0.025  
 47       -203     -0.015  
 47       -178     -0.015  
 47       -153     -0.005  
 47       -128     -0.005  
 47       -103     -0.005  
 47       -78      -0.005  
 47       -53      -0.005  
 47       -28      -0.005  
 47       -3       -0.015  
 47       22       -0.015  
 47       47       -0.025  
 47       72       -0.035  
 47       97       -0.045  
 47       122      -0.055  
 47       147      -0.065  
 47       172      -0.065  
 47       197      -0.075  
 47       222      -0.085  
 47       247      -0.095  
 47       272      -0.105  
 47       297      -0.115  
 47       322      -0.125  
 47       347      -0.125  
 47       372      -0.085  
 47       397      -0.075  
 47       422      -0.085  
 47       447      -0.095  
 47       472      -0.125  
 72       -703     -0.095  
 72       -678     -0.115  
 72       -328     -0.125  
 72       -303     -0.095  
 72       -278     -0.065  
 72       -253     -0.045  
 72       -228     -0.025  
 72       -203     -0.015  
 72       -178     -0.005  
 72       -153     -0.005  
 72       -128     -0.005  
 72       -103     -0.005  
 72       -78      -0.005  
 72       -53      -0.005  
 72       -28      -0.005  
 72       -3       -0.005  
 72       22       -0.005  
 72       47       -0.015  
 72       72       -0.025  
 72       97       -0.025  
 72       122      -0.035  
 72       147      -0.035  
 72       172      -0.035  
 72       197      -0.045  
 72       222      -0.045  
 72       247      -0.045  
 72       272      -0.055  
 72       297      -0.055  
 72       322      -0.065  
 72       347      -0.065  
 72       372      -0.075  
 72       397      -0.075  
 72       422      -0.085  
 72       447      -0.115  
 72       472      -0.125  
 72       497      -0.095  
 72       522      -0.105  
 72       547      -0.125  
 97       -328     -0.125  
 97       -303     -0.085  
 97       -278     -0.055  
 97       -253     -0.025  
 97       -228     -0.015  
 97       -203     -0.005  
 97       -178     -0.005  
 97       -153     -0.005  
 97       -128     -0.005  
 97       -103     -0.005  
 97       -78      -0.005  
 97       -53      -0.005  
 97       -28      -0.005  
 97       -3       -0.005  
 97       22       -0.005  
 97       47       -0.005  
 97       72       -0.015  
 97       97       -0.015  
 97       122      -0.015  
 97       147      -0.015  
 97       172      -0.015  
 97       197      -0.015  
 97       222      -0.015  
 97       247      -0.025  
 97       272      -0.025  
 97       297      -0.025  
 97       322      -0.025  
 97       347      -0.025  
 97       372      -0.025  
 97       397      -0.035  
 97       422      -0.035  
 97       447      -0.055  
 97       472      -0.055  
 97       497      -0.055  
 97       522      -0.065  
 97       547      -0.095  
 97       572      -0.125  
 128      -253     -0.035  
 128      -228     -0.015  
 128      -203     -0.015  
 128      -178     -0.015  
 128      -153     -0.015  
 128      -128     -0.005  
 128      -103     -0.005  
 128      -78      -0.005  
 128      -53      -0.005  
 128      -28      -0.015  
 128      -3       -0.005  
 128      22       -0.005  
 128      47       -0.005  
 128      72       -0.005  
 128      97       -0.005  
 128      122      -0.005  
 128      147      -0.005  
 128      172      -0.005  
 128      197      -0.005  
 128      222      -0.005  
 128      247      -0.005  
 128      272      -0.005  
 128      297      -0.005  
 128      322      -0.005  
 128      347      -0.005  
 128      372      -0.005  
 128      397      -0.005  
 128      422      -0.005  
 128      447      -0.015  
 128      472      -0.015  
 128      497      -0.025  
 128      522      -0.045  
 128      547      -0.075  
 128      572      -0.105  
 153      -253     -0.045  
 153      -228     -0.035  
 153      -203     -0.035  
 153      -178     -0.035  
 153      -153     -0.035  
 153      -128     -0.005  
 153      -103     -0.005  
 153      -78      -0.005  
 153      -53      -0.005  
 153      -28      -0.005  
 153      -3       -0.005  
 153      22       -0.005  
 153      47       -0.005  
 153      72       -0.005  
 153      97       -0.005  
 153      122      -0.005  
 153      147      -0.005  
 153      172      -0.005  
 153      197      -0.005  
 153      222      -0.005  
 153      247      -0.005  
 153      272      -0.005  
 153      297      -0.005  
 153      322      -0.005  
 153      347      -0.005  
 153      372      -0.005  
 153      397      -0.005  
 153      422      -0.005  
 153      447      -0.005  
 153      472      -0.005  
 153      497      -0.025  
 153      522      -0.045  
 153      547      -0.065  
 153      572      -0.095  
 178      -253     -0.075  
 178      -228     -0.065  
 178      -203     -0.055  
 178      -178     -0.035  
 178      -153     -0.015  
 178      -128     -0.015  
 178      -103     -0.005  
 178      -78      -0.005  
 178      -53      -0.005  
 178      -28      -0.005  
 178      -3       -0.015  
 178      22       -0.015  
 178      47       -0.015  
 178      72       -0.015  
 178      97       -0.005  
 178      122      -0.005  
 178      147      -0.005  
 178      172      -0.005  
 178      197      -0.015  
 178      222      -0.025  
 178      247      -0.015  
 178      272      -0.015  
 178      297      -0.005  
 178      322      -0.015  
 178      347      -0.015  
 178      372      -0.015  
 178      397      -0.015  
 178      422      -0.015  
 178      447      -0.025  
 178      472      -0.015  
 178      497      -0.025  
 178      522      -0.045  
 178      547      -0.075  
 178      572      -0.105  
 203      -253     -0.105  
 203      -228     -0.085  
 203      -203     -0.055  
 203      -178     -0.035  
 203      -153     -0.015  
 203      -128     -0.005  
 203      -103     -0.005  
 203      -78      -0.005  
 203      -53      -0.005  
 203      -28      -0.015  
 203      -3       -0.025  
 203      22       -0.035  
 203      47       -0.025  
 203      72       -0.015  
 203      97       -0.015  
 203      122      -0.005  
 203      147      -0.005  
 203      172      -0.005  
 203      197      -0.005  
 203      222      -0.015  
 203      247      -0.025  
 203      272      -0.015  
 203      297      -0.005  
 203      322      -0.015  
 203      347      -0.035  
 203      372      -0.045  
 203      397      -0.045  
 203      422      -0.045  
 203      447      -0.065  
 203      472      -0.045  
 203      497      -0.045  
 203      522      -0.065  
 203      547      -0.085  
 203      572      -0.125  
 228      -253     -0.125  
 228      -228     -0.085  
 228      -203     -0.045  
 228      -178     -0.035  
 228      -153     -0.005  
 228      -128     -0.005  
 228      -103     -0.005  
 228      -78      -0.005  
 228      -53      -0.005  
 228      -28      -0.005  
 228      -3       -0.015  
 228      22       -0.025  
 228      47       -0.045  
 228      72       -0.035  
 228      97       -0.025  
 228      122      -0.015  
 228      147      -0.005  
 228      172      -0.005  
 228      197      -0.005  
 228      222      -0.005  
 228      247      -0.005  
 228      272      -0.005  
 228      297      -0.005  
 228      322      -0.015  
 228      347      -0.015  
 228      372      -0.025  
 228      397      -0.045  
 228      422      -0.075  
 228      447      -0.105  
 228      472      -0.095  
 228      497      -0.085  
 228      522      -0.095  
 228      547      -0.115  
 253      -253     -0.095  
 253      -228     -0.055  
 253      -203     -0.035  
 253      -178     -0.015  
 253      -153     -0.005  
 253      -128     -0.005  
 253      -103     -0.025  
 253      -78      -0.015  
 253      -53      -0.005  
 253      -28      -0.005  
 253      -3       -0.005  
 253      22       -0.015  
 253      47       -0.025  
 253      72       -0.045  
 253      97       -0.035  
 253      122      -0.025  
 253      147      -0.015  
 253      172      -0.015  
 253      197      -0.005  
 253      222      -0.005  
 253      247      -0.005  
 253      272      -0.005  
 253      297      -0.005  
 253      322      -0.005  
 253      347      -0.005  
 253      372      -0.025  
 253      397      -0.045  
 253      422      -0.065  
 253      447      -0.105  
 278      -253     -0.085  
 278      -228     -0.055  
 278      -203     -0.035  
 278      -178     -0.015  
 278      -153     -0.015  
 278      -128     -0.035  
 278      -103     -0.045  
 278      -78      -0.035  
 278      -53      -0.015  
 278      -28      -0.005  
 278      -3       -0.005  
 278      22       -0.005  
 278      47       -0.015  
 278      72       -0.025  
 278      97       -0.045  
 278      122      -0.045  
 278      147      -0.035  
 278      172      -0.025  
 278      197      -0.015  
 278      222      -0.005  
 278      247      -0.005  
 278      272      -0.015  
 278      297      -0.015  
 278      322      -0.025  
 278      347      -0.015  
 278      372      -0.025  
 278      397      -0.045  
 278      422      -0.075  
 278      447      -0.105  
 303      -253     -0.095  
 303      -228     -0.065  
 303      -203     -0.045  
 303      -178     -0.035  
 303      -153     -0.035  
 303      -128     -0.055  
 303      -103     -0.075  
 303      -78      -0.055  
 303      -53      -0.035  
 303      -28      -0.015  
 303      -3       -0.005  
 303      22       -0.005  
 303      47       -0.005  
 303      72       -0.015  
 303      97       -0.025  
 303      122      -0.045  
 303      147      -0.055  
 303      172      -0.045  
 303      197      -0.025  
 303      222      -0.015  
 303      247      -0.005  
 303      272      -0.015  
 303      297      -0.025  
 303      322      -0.045  
 303      347      -0.045  
 303      372      -0.055  
 303      397      -0.065  
 303      422      -0.095  
 303      447      -0.125  
 328      -253     -0.115  
 328      -228     -0.085  
 328      -203     -0.065  
 328      -178     -0.055  
 328      -153     -0.055  
 328      -128     -0.085  
 328      -103     -0.125  
 328      -78      -0.085  
 328      -53      -0.055  
 328      -28      -0.035  
 328      -3       -0.015  
 328      22       -0.005  
 328      47       -0.005  
 328      72       -0.005  
 328      97       -0.015  
 328      122      -0.025  
 328      147      -0.055  
 328      172      -0.065  
 328      197      -0.035  
 328      222      -0.025  
 328      247      -0.015  
 328      272      -0.015  
 328      297      -0.025  
 328      322      -0.045  
 328      347      -0.075  
 328      372      -0.095  
 328      397      -0.105  
 328      422      -0.125  
 353      -228     -0.115  
 353      -203     -0.095  
 353      -178     -0.085  
 353      -153     -0.095  
 353      -128     -0.125  
 353      -53      -0.095  
 353      -28      -0.055  
 353      -3       -0.035  
 353      22       -0.015  
 353      47       -0.005  
 353      72       -0.005  
 353      97       -0.005  
 353      122      -0.015  
 353      147      -0.025  
 353      172      -0.055  
 353      197      -0.055  
 353      222      -0.035  
 353      247      -0.025  
 353      272      -0.025  
 353      297      -0.035  
 353      322      -0.045  
 353      347      -0.075  
 353      372      -0.105  
 378      -28      -0.095  
 378      -3       -0.065  
 378      22       -0.035  
 378      47       -0.015  
 378      72       -0.005  
 378      97       -0.005  
 378      122      -0.005  
 378      147      -0.015  
 378      172      -0.025  
 378      197      -0.055  
 378      222      -0.045  
 378      247      -0.045  
 378      272      -0.035  
 378      297      -0.045  
 378      322      -0.065  
 378      347      -0.085  
 378      372      -0.115  
 403      -3       -0.105  
 403      22       -0.065  
 403      47       -0.035  
 403      72       -0.015  
 403      97       -0.005  
 403      122      -0.005  
 403      147      -0.005  
 403      172      -0.015  
 403      197      -0.025  
 403      222      -0.055  
 403      247      -0.065  
 403      272      -0.065  
 403      297      -0.065  
 403      322      -0.085  
 403      347      -0.105  
 403      372      -0.125  
 428      22       -0.105  
 428      47       -0.065  
 428      72       -0.035  
 428      97       -0.015  
 428      122      -0.005  
 428      147      -0.005  
 428      172      -0.005  
 428      197      -0.015  
 428      222      -0.035  
 428      247      -0.055  
 428      272      -0.085  
 428      297      -0.095  
 428      322      -0.105  
 428      347      -0.125  
 453      47       -0.105  
 453      72       -0.065  
 453      97       -0.035  
 453      122      -0.025  
 453      147      -0.005  
 453      172      -0.005  
 453      197      -0.005  
 453      222      -0.015  
 453      247      -0.035  
 453      272      -0.065  
 453      297      -0.125  
 478      72       -0.115  
 478      97       -0.065  
 478      122      -0.045  
 478      147      -0.025  
 478      172      -0.005  
 478      197      -0.005  
 478      222      -0.005  
 478      247      -0.015  
 478      272      -0.035  
 478      297      -0.105  
 503      97       -0.115  
 503      122      -0.075  
 503      147      -0.045  
 503      172      -0.025  
 503      197      -0.015  
 503      222      -0.005  
 503      247      -0.005  
 503      272      -0.025  
 503      297      -0.045  
 503      322      -0.065  
 503      347      -0.105  
 528      122      -0.125  
 528      147      -0.075  
 528      172      -0.045  
 528      197      -0.025  
 528      222      -0.015  
 528      247      -0.005  
 528      272      -0.005  
 528      297      -0.025  
 528      322      -0.045  
 528      347      -0.085  
 528      372      -0.125  
 553      172      -0.085  
 553      197      -0.055  
 553      222      -0.035  
 553      247      -0.015  
 553      272      -0.015  
 553      297      -0.025  
 553      322      -0.045  
 553      347      -0.075  
 553      372      -0.115  
 578      197      -0.125  
 578      222      -0.055  
 578      247      -0.035  
 578      272      -0.025  
 578      297      -0.035  
 578      322      -0.055  
 578      347      -0.085  
 578      372      -0.125  
 603      222      -0.085  
 603      247      -0.055  
 603      272      -0.055  
 603      297      -0.065  
 603      322      -0.075  
 603      347      -0.105  
 628      222      -0.125  
 628      247      -0.095  
 628      272      -0.085  
 628      297      -0.095  
 628      322      -0.105  
 628      347      -0.125  
 653      272      -0.125  
 653      297      -0.125  
 0        0        0       
 0        0        0       
 0        0        0       
 0        0        0       
 0        0        0       
 0        0        0       
 0        0        0       
 0        0        0       
 0        0        0       
 0        0        0       
 0        0        0       
 0        0        0       
 0        0        0       
 0        0        0       
 0        0        0       
 0        0        0       
 0        0        0       
 0        0        0       
 0        0        0       
 0        0        0       
 0        0        0       
 0        0        0       
 0        0        0       
 0        0        0       
 0        0        0       
 0        0        0       
 0        0        0       
 0        0        0       
 0        0        0       
 0        0        0       
 0        0        0       
 0        0        0       
 0        0        0       
 0        0        0       
 0        0        0       
 0        0        0       
 0        0        0       
 0        0        0       
 0        0        0       
 0        0        0       
 0        0        0       
 0        0        0       
 0        0        0       
 0        0        0       
 0        0        0       
 0        0        0       
 0        0        0       
 0        0        0       
 0        0        0       
 0        0        0       
 0        0        0       
 0        0        0       
 0        0        0       
 0        0        0       
 0        0        0       
 0        0        0       
 0        0        0       
 0        0        0       
 0        0        0       
 0        0        0       
 0        0        0       
 0        0        0       
 0        0        0       
 0        0        0       
 0        0        0       
 0        0        0       
 0        0        0       
 0        0        0       
 0        0        0       
 0        0        0       
 0        0        0       
 0        0        0       
 0        0        0       
 0        0        0       
 0        0        0       
 0        0        0       
 0        0        0       
 0        0        0       
 0        0        0       
 0        0        0       
 0        0        0       
 0        0        0       
 0        0        0       
 0        0        0       
 0        0        0       
 0        0        0       
 0        0        0       
 0        0        0       
 0        0        0       
 0        0        0       
 0        0        0       
 0        0        0       
 0        0        0       
 0        0        0       
 0        0        0       
 0        0        0       
 0        0        0       
 0        0        0       
 0        0        0       
 0        0        0       
 0        0        0       
 0        0        0       
 0        0        0       
 0        0        0       
 0        0        0       
 0        0        0       
 0        0        0       
 0        0        0       
 0        0        0       
 0        0        0       
 0        0        0       
 0        0        0       
 0        0        0       
 0        0        0       
 0        0        0       
 0        0        0       
 0        0        0       
 0        0        0       
 0        0        0       
 0        0        0       
 0        0        0       
 0        0        0       
 0        0        0       
 0        0        0       
 0        0        0       
 0        0        0       
 0        0        0       
 0        0        0       
 0        0        0       
 0        0        0       
 0        0        0       
 0        0        0       
 0        0        0       
 0        0        0       
 0        0        0       
 0        0        0       
 0        0        0       
 0        0        0       
 0        0        0       
 0        0        0       
 0        0        0       
 0        0        0       
 0        0        0       
 0        0        0       
 0        0        0       
 0        0        0       
 0        0        0       
 0        0        0       
 0        0        0       
 0        0        0       
 0        0        0       
 0        0        0       
 0        0        0       
 0        0        0       
 0        0        0       
 0        0        0       
 0        0        0       
 0        0        0       
 0        0        0       
 0        0        0       
 0        0        0       
 0        0        0       
 0        0        0       
 0        0        0       
 0        0        0       
 0        0        0       
 0        0        0       
 0        0        0       
 0        0        0       
 0        0        0       
 0        0        0       
 0        0        0       
 0        0        0       
 0        0        0       
 0        0        0       
 0        0        0       
 0        0        0       
 0        0        0       
 0        0        0       
 0        0        0       
 0        0        0       
 0        0        0       
 0        0        0       
 0        0        0       
 0        0        0       
 0        0        0       
 0        0        0       
 0        0        0       
 0        0        0       
 0        0        0       
 0        0        0       
 0        0        0       
 0        0        0       
 0        0        0       
 0        0        0       
 0        0        0       
 0        0        0       
 0        0        0       
 0        0        0       
 0        0        0       
 0        0        0       
 0        0        0       
 0        0        0       
 0        0        0       
 0        0        0       
 0        0        0       
 0        0        0       
 0        0        0       
 0        0        0       
 0        0        0       
 0        0        0       
 0        0        0       
 0        0        0       
 0        0        0       
 0        0        0       
 0        0        0       
 0        0        0       
 0        0        0       
 0        0        0       
 0        0        0       
 0        0        0       
 0        0        0       
 0        0        0       
 0        0        0       
 0        0        0       
 0        0        0       
 0        0        0       
 0        0        0       
 0        0        0       
 0        0        0       
 0        0        0       
 0        0        0       
 0        0        0       
 0        0        0       
 0        0        0       
 0        0        0       
 0        0        0       
 0        0        0       
 0        0        0       
 0        0        0       
 0        0        0       
 0        0        0       
 0        0        0       
 0        0        0       
 0        0        0       
 0        0        0       
 0        0        0       
 0        0        0       
 0        0        0       
 0        0        0       
 0        0        0       
 0        0        0       
 0        0        0       
 0        0        0       
 0        0        0       
 0        0        0       
 0        0        0       
 0        0        0       
 0        0        0       
 0        0        0       
 0        0        0       
 0        0        0       
 0        0        0       
 0        0        0       
 0        0        0       
 0        0        0       
 0        0        0       
 0        0        0       
 0        0        0       
 0        0        0       
 0        0        0       
 0        0        0       
 0        0        0       
 0        0        0       
 0        0        0       
 0        0        0       
 0        0        0       
 0        0        0       
 0        0        0       
 0        0        0       
 0        0        0       
 0        0        0       
 0        0        0       
 0        0        0       
 0        0        0       
 0        0        0       
 0        0        0       
 0        0        0       
 0        0        0       
 0        0        0       
 0        0        0       
 0        0        0       
 0        0        0       
 0        0        0       
 0        0        0       
 0        0        0       
 0        0        0       
 0        0        0       
 0        0        0       
 0        0        0       
 0        0        0       
 0        0        0       
 0        0        0       
 0        0        0       
 0        0        0       
 0        0        0       
 0        0        0       
 0        0        0       
 0        0        0       
 0        0        0       
 0        0        0       
 0        0        0       
 0        0        0       
 0        0        0       
 0        0        0       
 0        0        0       
 0        0        0       
 0        0        0       
 0        0        0       
 0        0        0       
 0        0        0       
 0        0        0       
 0        0        0       
 0        0        0       
 0        0        0       
 0        0        0       
 0        0        0       
 0        0        0       
 0        0        0       
 0        0        0       
 0        0        0       
 0        0        0       
 0        0        0       
 0        0        0       
 0        0        0       
 0        0        0       
 0        0        0       
 0        0        0       
 0        0        0       
 0        0        0       
 0        0        0       
 0        0        0       
 0        0        0       
 0        0        0       
 0        0        0       
 0        0        0       
 0        0        0       
 0        0        0       
 0        0        0       
 0        0        0       
 0        0        0       
 0        0        0       
 0        0        0       
 0        0        0       
 0        0        0       
 0        0        0       
 0        0        0       
 0        0        0       
 0        0        0       
 0        0        0       
 0        0        0       
 0        0        0       
 0        0        0       
 0        0        0       
 0        0        0       
 0        0        0       
 0        0        0       
 0        0        0       
 0        0        0       
 0        0        0       
 0        0        0       
 0        0        0       
 0        0        0       
 0        0        0       
 0        0        0       
 0        0        0       
 0        0        0       
 0        0        0       
 0        0        0       
 0        0        0       
 0        0        0       
 0        0        0       
 0        0        0       
 0        0        0       
 0        0        0       
 0        0        0       
 0        0        0       
 0        0        0       
 0        0        0       
 0        0        0       
 0        0        0       
 0        0        0       
 0        0        0       
 0        0        0       
 0        0        0       
 0        0        0       
 0        0        0       
 0        0        0       
 0        0        0       
 0        0        0       
 0        0        0       
 0        0        0       
 0        0        0       
 0        0        0       
 0        0        0       
 0        0        0       
 0        0        0       
 0        0        0       
 0        0        0       
 0        0        0       
 0        0        0       
 0        0        0       
 0        0        0       
 0        0        0       
 0        0        0       
 0        0        0       
 0        0        0       
 0        0        0       
 0        0        0       
 0        0        0       
 0        0        0       
 0        0        0       
 0        0        0       
 0        0        0       
 0        0        0       
 0        0        0       
 0        0        0       
 0        0        0       
 0        0        0       
 0        0        0       
 0        0        0       
 0        0        0       
 0        0        0       
 0        0        0       
 0        0        0       
 0        0        0       
 0        0        0       
 0        0        0       
 0        0        0       
 0        0        0       
 0        0        0       
 0        0        0       
 0        0        0       
 0        0        0       
 0        0        0       
 0        0        0       
 0        0        0       
 0        0        0       
 0        0        0       
 0        0        0       
 0        0        0       
 0        0        0       
 0        0        0       
 0        0        0       
 0        0        0       
 0        0        0       
 0        0        0       
 0        0        0       
 0        0        0       
 0        0        0       
 0        0        0       
 0        0        0       
 0        0        0       
 0        0        0       
 0        0        0       
 0        0        0       
 0        0        0       
 0        0        0       
 0        0        0       
 0        0        0       
 0        0        0       
 0        0        0       
 0        0        0       
 0        0        0       
 0        0        0       
 0        0        0       
 0        0        0       
 0        0        0       
 0        0        0       
 0        0        0       
 0        0        0       
 0        0        0       
 0        0        0       
 0        0        0       
 0        0        0       
 0        0        0       
 0        0        0       
 0        0        0       
 0        0        0       
 0        0        0       
 0        0        0       
 0        0        0       
 0        0        0       
 0        0        0       
 0        0        0       
 0        0        0       
 0        0        0       
 0        0        0       
 0        0        0       
 0        0        0       
 0        0        0       
 0        0        0       
 0        0        0       
 0        0        0       
 0        0        0       
 0        0        0       
 0        0        0       
 0        0        0       
 0        0        0       
 0        0        0       
 0        0        0       
 0        0        0       
 0        0        0       
 0        0        0       
 0        0        0       
 0        0        0       
 0        0        0       
 0        0        0       
 0        0        0       
 0        0        0       
 0        0        0       
 0        0        0       
 0        0        0       
 0        0        0       
 0        0        0       
 0        0        0       
 0        0        0       
 0        0        0       
 0        0        0       
 0        0        0       
 0        0        0       
 0        0        0       
 0        0        0       
 0        0        0       
 0        0        0       
 0        0        0       
 0        0        0       
 0        0        0       
 0        0        0       
 0        0        0       
 0        0        0       
 0        0        0       
 0        0        0       
 0        0        0       
 0        0        0       
 0        0        0       
 0        0        0       
 0        0        0       
 0        0        0       
 0        0        0       
 0        0        0       
 0        0        0       
 0        0        0       
 0        0        0       
 0        0        0       
 0        0        0       
 0        0        0       
 0        0        0       
 0        0        0       
 0        0        0       
 0        0        0       
 0        0        0       
 0        0        0       
 0        0        0       
 0        0        0       
 0        0        0       
 0        0        0       
 0        0        0       
 0        0        0       
 0        0        0       
 0        0        0       
 0        0        0       
 0        0        0       
 0        0        0       
 0        0        0       
 0        0        0       
 0        0        0       
 0        0        0       
 0        0        0       
 0        0        0       
 0        0        0       
 0        0        0       
 0        0        0       
 0        0        0       
 0        0        0       
 0        0        0       
 0        0        0       
 0        0        0       
 0        0        0       
 0        0        0       
 0        0        0       
 0        0        0       
 0        0        0       
 0        0        0       
 0        0        0       
 0        0        0       
 0        0        0       
 0        0        0       
 0        0        0       
 0        0        0       
 0        0        0       
 0        0        0       
 0        0        0       
 0        0        0       
 0        0        0       
 0        0        0       
 0        0        0       
 0        0        0       
 0        0        0       
 0        0        0       
 0        0        0       
 0        0        0       
 0        0        0       
 0        0        0       
 0        0        0       
 0        0        0       
 0        0        0       
 0        0        0       
 0        0        0       
 0        0        0       
 0        0        0       
 0        0        0       
 0        0        0       
 0        0        0       
 0        0        0       
 0        0        0       
 0        0        0       
 0        0        0       
 0        0        0       
 0        0        0       
 0        0        0       
 0        0        0       
 0        0        0       
 0        0        0       
 0        0        0       
 0        0        0       
 0        0        0       
 0        0        0       
 0        0        0       
 0        0        0       
 0        0        0       
 0        0        0       
 0        0        0       
 0        0        0       
 0        0        0       
 0        0        0       
 0        0        0       
 0        0        0       
 0        0        0       
 0        0        0       
 0        0        0       
 0        0        0       
 0        0        0       
 0        0        0       
 0        0        0       
 0        0        0       
 0        0        0       
 0        0        0       
 0        0        0       
 0        0        0       
 0        0        0       
 0        0        0       
 0        0        0       
 0        0        0       
 0        0        0       
 0        0        0       
 0        0        0       
 0        0        0       
 0        0        0       
 0        0        0       
 0        0        0       
 0        0        0       
 0        0        0       
 0        0        0       
 0        0        0       
 0        0        0       
 0        0        0       
 0        0        0       
 0        0        0       
 0        0        0       
 0        0        0       
 0        0        0       
 0        0        0       
 0        0        0       
 0        0        0       
 0        0        0       
 0        0        0       
 0        0        0       
 0        0        0       
 0        0        0       
 0        0        0       
 0        0        0       
 0        0        0       
 0        0        0       
 0        0        0       
 0        0        0       
 0        0        0       
 0        0        0       
 0        0        0       
 0        0        0       
 0        0        0       
 0        0        0       
 0        0        0       
 0        0        0       
 0        0        0       
 0        0        0       
 0        0        0       
 0        0        0       
 0        0        0       
 0        0        0       
 0        0        0       
 0        0        0       
 0        0        0       
 0        0        0       
 0        0        0       
 0        0        0       
 0        0        0       
 0        0        0       
 0        0        0       
 0        0        0       
 0        0        0       
 0        0        0       
 0        0        0       
 0        0        0       
 0        0        0       
 0        0        0       
 0        0        0       
 0        0        0       
 0        0        0       
 0        0        0       
 0        0        0       
 0        0        0       
 0        0        0       
 0        0        0       
 0        0        0       
 0        0        0       
 0        0        0       
 0        0        0       
 0        0        0       
 0        0        0       
 0        0        0       
 0        0        0       
 0        0        0       
 0        0        0       
 0        0        0       
 0        0        0       
 0        0        0       
 0        0        0       
 0        0        0       
 0        0        0       
 0        0        0       
 0        0        0       
 0        0        0       
 0        0        0       
 0        0        0       
 0        0        0       
 0        0        0       
 0        0        0       
 0        0        0       
 0        0        0       
 0        0        0       
 0        0        0       
 0        0        0       
 0        0        0       
 0        0        0       
 0        0        0       
 0        0        0       
 0        0        0       
 0        0        0       
 0        0        0       
 0        0        0       
 0        0        0       
 0        0        0       
 0        0        0       
 0        0        0       
 0        0        0       
 0        0        0       
 0        0        0       
 0        0        0       
 0        0        0       
 0        0        0       
 0        0        0       
 0        0        0       
 0        0        0       
 0        0        0       
 0        0        0       
 0        0        0       
 0        0        0       
 0        0        0       
 0        0        0       
 0        0        0       
 0        0        0       
 0        0        0       
 0        0        0       
 0        0        0       
 0        0        0       
 0        0        0       
 0        0        0       
 0        0        0       
 0        0        0       
 0        0        0       
 0        0        0       
 0        0        0       
 0        0        0       
 0        0        0       
 0        0        0       
 0        0        0       
 0        0        0       
 0        0        0       
 0        0        0       
 0        0        0       
 0        0        0       
 0        0        0       
 0        0        0       
 0        0        0       
 0        0        0       
 0        0        0       
 0        0        0       
 0        0        0       
 0        0        0       
 0        0        0       
 0        0        0       
 0        0        0       
 0        0        0       
 0        0        0       
 0        0        0       
 0        0        0       
 0        0        0       
 0        0        0       
 0        0        0       
 0        0        0       
 0        0        0       
 0        0        0       
 0        0        0       
 0        0        0       
 0        0        0       
 0        0        0       
 0        0        0       
 0        0        0       
 0        0        0       
 0        0        0       
 0        0        0       
 0        0        0       
 0        0        0       
 0        0        0       
 0        0        0       
 0        0        0       
 0        0        0       
 0        0        0       
 0        0        0       
 0        0        0       
 0        0        0       
 0        0        0       
 0        0        0       
 0        0        0       
 0        0        0       
 0        0        0       
 0        0        0       
 0        0        0       
 0        0        0       
 0        0        0       
 0        0        0       
 0        0        0       
 0        0        0       
 0        0        0       
 0        0        0       
 0        0        0       
 0        0        0       
 0        0        0       
 0        0        0       
 0        0        0       
 0        0        0       
 0        0        0       
 0        0        0       
 0        0        0       
 0        0        0       
 0        0        0       
 0        0        0       
 0        0        0       
 0        0        0       
 0        0        0       
 0        0        0       
 0        0        0       
 0        0        0       
 0        0        0       
 0        0        0       
 0        0        0       
 0        0        0       
 0        0        0       
 0        0        0       
 0        0        0       
 0        0        0       
 0        0        0       
 0        0        0       
 0        0        0       
 0        0        0       
 0        0        0       
 0        0        0       
 0        0        0       
 0        0        0       
 0        0        0       
 0        0        0       
 0        0        0       
 0        0        0       
 0        0        0       
 0        0        0       
 0        0        0       
 0        0        0       
 0        0        0       
 0        0        0       
 0        0        0       
 0        0        0       
 0        0        0       
 0        0        0       
 0        0        0       
 0        0        0       
 0        0        0       
 0        0        0       
 0        0        0       
 0        0        0       
 0        0        0       
 0        0        0       
 0        0        0       
 0        0        0       
 0        0        0       
 0        0        0       
 0        0        0       
 0        0        0       
 0        0        0       
 0        0        0       
 0        0        0       
 0        0        0       
 0        0        0       
 0        0        0       
 0        0        0       
 0        0        0       
 0        0        0       
 0        0        0       
 0        0        0       
 0        0        0       
 0        0        0       
 0        0        0       
 0        0        0       
 0        0        0       
 0        0        0       
 0        0        0       
 0        0        0       
 0        0        0       
 0        0        0       
 0        0        0       
 0        0        0       
 0        0        0       
 0        0        0       
 0        0        0       
 0        0        0       
 0        0        0       
 0        0        0       
 0        0        0       
 0        0        0       
 0        0        0       
 0        0        0       
 0        0        0       
 0        0        0       
 0        0        0       
 0        0        0       
 0        0        0       
 0        0        0       
 0        0        0       
 0        0        0       
 0        0        0       
 0        0        0       
 0        0        0       
 0        0        0       
 0        0        0       
 0        0        0       
 0        0        0       
 0        0        0       
 0        0        0       
 0        0        0       
 0        0        0       
 0        0        0       
 0        0        0       
 0        0        0       
 0        0        0       
 0        0        0       
 0        0        0       
 0        0        0       
 0        0        0       
 0        0        0       
 0        0        0       
 0        0        0       
 0        0        0       
 0        0        0       
 0        0        0       
 0        0        0       
 0        0        0       
 0        0        0       
 0        0        0       
 0        0        0       
 0        0        0       
 0        0        0       
 0        0        0       
 0        0        0       
 0        0        0       
 0        0        0       
 0        0        0       
 0        0        0       
 0        0        0       
 0        0        0       
 0        0        0       
 0        0        0       
 0        0        0       
 0        0        0       
 0        0        0       
 0        0        0       
 0        0        0       
 0        0        0       
 0        0        0       
 0        0        0       
 0        0        0       
 0        0        0       
 0        0        0       
 0        0        0       
 0        0        0       
 0        0        0       
 0        0        0       
 0        0        0       
 0        0        0       
 0        0        0       
 0        0        0       
 0        0        0       
 0        0        0       
 0        0        0       
 0        0        0       
 0        0        0       
 0        0        0       
 0        0        0       
 0        0        0       
 0        0        0       
 0        0        0       
 0        0        0       
 0        0        0       
